1132 894 78.97526501766784 68 6.309754091

996 796 79.91967871485943 456 5.39678462

92 88 95.65217391304348 50 1.114487079

840 638 75.95238095238095 1 4.69048835

400 310 77.5 1 2.651599861

1000 917 91.7 367 9.305057152

1000 915 91.5 353 9.2460393

900 878 97.55555555555556 811 7.59682177

1000 919 91.9 936 9.493866844

900 885 98.33333333333333 581 7.163683384

900 871 96.77777777777777 97 7.09186466

900 893 99.22222222222223 635 7.177830913

900 897 99.66666666666667 610 7.406596126

900 896 99.55555555555556 90 6.922029163

1260 1047 83.0952380952381 883 8.46597553

1260 1041 82.61904761904762 299 8.099461748

1260 1015 80.55555555555556 625 8.217930481

1258 1056 83.94276629570747 916 7.708894191

1258 1029 81.79650238473768 764 7.83463728

1200 1012 84.33333333333334 207 8.310750131

1200 1023 85.25 902 8.709098043

1300 1102 84.76923076923077 223 9.409589697

1300 1088 83.6923076923077 734 9.361163254

1200 1029 85.75 773 8.936283821

1200 1014 84.5 936 8.816037787

800 759 94.875 755 5.75433098

800 761 95.125 408 5.899212669

800 758 94.75 586 5.769023428

800 761 95.125 966 5.827376207

900 856 95.11111111111111 590 7.041412761

900 845 93.88888888888889 144 6.709446325

800 752 94.0 123 5.912117785

800 765 95.625 167 5.981634099

800 756 94.5 834 6.077732287

800 758 94.75 162 5.961382614

900 854 94.88888888888889 274 6.878413015

900 854 94.88888888888889 409 6.642760687

900 856 95.11111111111111 451 6.753839593

600 580 96.66666666666667 176 5.097174186

900 849 94.33333333333334 232 6.953858856

700 673 96.14285714285714 423 5.581961245

600 571 95.16666666666667 286 4.981481211

600 576 96.0 181 4.98745233

700 666 95.14285714285714 881 5.650323937

700 669 95.57142857142857 862 5.836371313

384 340 88.54166666666666 988 2.990554854

162 145 89.50617283950618 29 1.330879157

2058 1653 80.32069970845481 764 16.186537375

