1132 892 78.79858657243817 38 15.649303871

996 796 79.91967871485943 72 13.380786235

92 88 95.65217391304348 25 2.144534049

840 638 75.95238095238095 1 11.591424253

400 308 77.0 1 6.270596997

1000 947 94.69999999999999 727 23.254806527

1000 947 94.69999999999999 356 21.891419933

900 894 99.33333333333333 714 17.386496642

1000 960 96.0 987 21.571509052

900 891 99.0 738 18.107270925

900 888 98.66666666666667 172 19.397930484

900 898 99.77777777777777 53 17.701670905

900 898 99.77777777777777 518 17.927058355

900 897 99.66666666666667 156 18.307083402

1260 1080 85.71428571428571 772 19.733729623

1260 1091 86.5873015873016 640 20.823566681

1260 1072 85.07936507936508 715 19.566576304

1258 1082 86.00953895071542 444 19.777966108

1258 1079 85.77106518282989 356 19.591092021

1200 1028 85.66666666666667 303 20.077834476

1200 1032 86.0 884 22.256955655

1300 1111 85.46153846153847 226 24.437776166

1300 1105 85.0 985 24.376739771

1200 1048 87.33333333333333 322 22.465865175

1200 1029 85.75 852 23.296652041

800 762 95.25 132 15.233788656

800 762 95.25 193 15.746294721

800 761 95.125 104 15.06503815

800 760 95.0 199 14.346340458

900 856 95.11111111111111 258 18.275650671

900 853 94.77777777777779 908 17.490210614

800 765 95.625 551 15.342049408

800 769 96.125 201 15.721066981

800 761 95.125 617 15.737379483

800 765 95.625 178 15.267263086

900 858 95.33333333333334 834 16.327262161

900 856 95.11111111111111 190 17.665303179

900 861 95.66666666666667 232 17.146675309

600 584 97.33333333333334 134 12.41318472

900 861 95.66666666666667 117 17.708214452

700 679 97.0 684 13.826881023

600 577 96.16666666666667 240 11.290120053

600 583 97.16666666666667 106 12.745350526

700 681 97.28571428571429 773 13.781411017

700 673 96.14285714285714 213 13.545071589

384 344 89.58333333333334 531 7.425929991

162 143 88.27160493827161 11 2.722871998

2058 1729 84.01360544217688 596 36.44422625

