1132 894 78.97526501766784 48 14.851175876

996 796 79.91967871485943 18 13.685602081

92 88 95.65217391304348 478 2.112844813

840 640 76.19047619047619 1 12.199307389

400 305 76.25 1 6.153687239

1000 920 92.0 317 21.674098527

1000 934 93.4 866 22.400316113

900 876 97.33333333333334 706 17.370768462

1000 928 92.80000000000001 140 21.895061306

900 882 98.0 272 17.566161874

900 878 97.55555555555556 645 17.73541516

900 897 99.66666666666667 227 16.818424498

900 898 99.77777777777777 281 17.032822628

900 899 99.8888888888889 377 16.680154223

1260 1035 82.14285714285714 400 18.528467293

1260 1046 83.01587301587303 809 19.375306205

1260 1036 82.22222222222221 317 19.290685427

1258 1033 82.11446740858506 601 19.017860958

1258 1046 83.14785373608903 110 19.189619734

1200 1013 84.41666666666666 620 20.38802846

1200 1012 84.33333333333334 614 20.721033291

1300 1092 84.0 830 22.148683819

1300 1085 83.46153846153847 688 22.444737582

1200 1020 85.0 786 21.038914579

1200 1014 84.5 153 21.351943141

800 761 95.125 768 13.969198318

800 757 94.625 641 14.591909244

800 761 95.125 128 14.294848803

800 754 94.25 657 14.702481268

900 852 94.66666666666667 236 15.942422711

900 846 94.0 978 16.054659229

800 761 95.125 68 14.778291372

800 762 95.25 571 14.659049665

800 758 94.75 305 14.296225537

800 753 94.125 201 14.213575931

900 852 94.66666666666667 671 16.446924272

900 853 94.77777777777779 787 16.560606065

900 855 95.0 611 16.037857994

600 572 95.33333333333334 499 11.870546224

900 855 95.0 884 16.013462728

700 670 95.71428571428572 675 13.049568972

600 573 95.5 549 11.556592298

600 579 96.5 657 12.131988497

700 671 95.85714285714285 296 13.119104226

700 668 95.42857142857143 142 13.242602433

384 340 88.54166666666666 156 6.96928232

162 145 89.50617283950618 166 2.973461899

2058 1649 80.12633624878522 390 36.840707845

