1132 894 78.97526501766784 419 10.74465267

996 796 79.91967871485943 99 9.587202737

92 86 93.47826086956522 41 1.53597624

840 636 75.71428571428571 1 8.043217922

400 310 77.5 1 4.290519096

1000 937 93.7 914 15.863779229

1000 926 92.60000000000001 213 16.272563395

900 889 98.77777777777777 205 13.512599671

1000 934 93.4 685 16.122097581

900 884 98.22222222222223 467 12.106243761

900 890 98.88888888888889 847 12.248278492

900 898 99.77777777777777 24 12.483141684

900 899 99.8888888888889 229 12.133009363

900 898 99.77777777777777 869 11.785470145

1260 1068 84.76190476190476 695 13.905249293

1260 1057 83.88888888888889 399 13.528035947

1260 1047 83.0952380952381 980 13.312818871

1258 1057 84.02225755166933 583 14.339710529

1258 1048 83.30683624801271 444 13.426944118

1200 1019 84.91666666666666 865 14.259732695

1200 1022 85.16666666666667 61 14.105459398

1300 1105 85.0 135 16.954424594

1300 1098 84.46153846153847 362 15.642706003

1200 1033 86.08333333333333 186 14.878311242

1200 1021 85.08333333333333 558 14.764729776

800 763 95.375 924 10.078689647

800 762 95.25 165 10.053666883

800 760 95.0 232 9.971792261

800 760 95.0 447 10.298617096

900 856 95.11111111111111 76 12.137450376

900 851 94.55555555555556 646 11.805843046

800 763 95.375 250 10.380235289

800 766 95.75 827 10.174025763

800 761 95.125 685 10.925105435

800 766 95.75 948 10.130915774

900 853 94.77777777777779 894 12.422232099

900 855 95.0 57 11.343295771

900 854 94.88888888888889 462 11.433126379

600 577 96.16666666666667 706 8.35320837

900 865 96.11111111111111 545 11.308194395

700 680 97.14285714285714 887 9.298125328

600 577 96.16666666666667 787 8.296874057

600 579 96.5 744 8.299525885

700 675 96.42857142857143 288 9.048487876

700 677 96.71428571428572 163 9.283638351

384 336 87.5 56 4.767714985

162 145 89.50617283950618 6 2.032950905

2058 1683 81.77842565597668 229 25.862901323

