1132 891 78.71024734982332 941 15.584931707

996 795 79.81927710843374 36 13.725907497

92 87 94.56521739130434 35 2.267285892

840 638 75.95238095238095 1 12.521016412

400 309 77.25 1 6.439303466

1000 934 93.4 387 22.132424507

1000 933 93.30000000000001 329 22.060967251

900 884 98.22222222222223 260 18.020703779

1000 917 91.7 170 22.330983615

900 880 97.77777777777777 475 17.475631893

900 877 97.44444444444444 234 17.624098235

900 897 99.66666666666667 69 16.764576703

900 899 99.8888888888889 832 17.200401112

900 897 99.66666666666667 734 17.01858355

1260 1054 83.65079365079366 1000 18.969111504

1260 1049 83.25396825396825 907 19.643444531

1260 1014 80.47619047619048 883 20.496506685

1258 1041 82.75039745627981 704 19.510645284

1258 1034 82.1939586645469 332 19.132444286

1200 1004 83.66666666666667 749 20.537654227

1200 1012 84.33333333333334 765 20.848129343

1300 1105 85.0 341 23.061726981

1300 1088 83.6923076923077 575 22.075346513

1200 1013 84.41666666666666 222 21.410872005

1200 1011 84.25 877 22.089422868

800 761 95.125 220 13.922849252

800 758 94.75 960 14.99777571

800 759 94.875 948 14.894763639

800 756 94.5 482 14.348171516

900 849 94.33333333333334 298 16.134727317

900 844 93.77777777777779 636 16.835281793

800 759 94.875 341 14.219916874

800 758 94.75 494 14.687271383

800 760 95.0 909 15.204845407

800 763 95.375 989 15.142351198

900 852 94.66666666666667 429 16.4666764

900 847 94.11111111111111 112 16.469357567

900 852 94.66666666666667 720 16.075048048

600 574 95.66666666666667 951 12.033396648

900 850 94.44444444444444 318 16.155930351

700 660 94.28571428571428 615 13.004842621

600 574 95.66666666666667 756 11.870577684

600 569 94.83333333333334 98 11.991502374

700 672 96.0 987 13.151294734

700 660 94.28571428571428 960 13.002480708

384 342 89.0625 837 7.785410378

162 143 88.27160493827161 8 3.453891884

2058 1643 79.83479105928085 242 36.871075123

