1132 893 78.886925795053 243 6.19326465

996 790 79.31726907630522 200 5.947939073

92 86 93.47826086956522 15 1.102596364

840 640 76.19047619047619 1 4.848712094

400 309 77.25 1 2.557937554

1000 909 90.9 303 9.488542964

1000 911 91.10000000000001 569 9.543964019

900 874 97.11111111111111 781 7.206187298

1000 907 90.7 134 9.104310454

900 869 96.55555555555554 359 7.663985221

900 856 95.11111111111111 492 7.179324164

900 889 98.77777777777777 232 7.337651111

900 889 98.77777777777777 340 6.951951051

900 886 98.44444444444444 548 7.523495142

1260 1015 80.55555555555556 535 8.156057525

1260 1023 81.19047619047619 289 8.00499309

1260 1025 81.34920634920636 108 8.042160285

1258 1021 81.16057233704292 949 8.043747573

1258 1014 80.60413354531002 504 7.889294899

1200 995 82.91666666666667 496 8.492673213

1200 1002 83.5 435 8.472320235

1300 1080 83.07692307692308 380 9.156053004

1300 1074 82.61538461538461 524 9.816282119

1200 988 82.33333333333334 843 9.198279468

1200 989 82.41666666666667 126 8.744741915

800 753 94.125 143 5.775185909

800 740 92.5 694 6.039899268

800 759 94.875 232 5.832534409

800 745 93.125 640 6.26631292

900 844 93.77777777777779 918 6.8717822

900 840 93.33333333333333 263 6.964006274

800 754 94.25 315 5.947380499

800 753 94.125 351 6.147762582

800 750 93.75 460 6.027679039

800 746 93.25 629 5.859782852

900 845 93.88888888888889 184 6.898397608

900 839 93.22222222222221 518 6.610598454

900 844 93.77777777777779 77 6.581321207

600 557 92.83333333333333 177 4.992660735

900 852 94.66666666666667 735 6.836224226

700 660 94.28571428571428 562 5.433106219

600 557 92.83333333333333 860 5.009414074

600 570 95.0 790 4.973161215

700 650 92.85714285714286 329 5.379231984

700 661 94.42857142857143 316 5.280355131

384 330 85.9375 243 2.928616404

162 145 89.50617283950618 226 1.235618344

2058 1626 79.00874635568513 98 15.605346706

