1132 886 78.26855123674912 351 6.237893727

996 792 79.51807228915662 43 5.54471486

92 82 89.13043478260869 73 1.124003464

840 640 76.19047619047619 1 4.748481264

400 310 77.5 1 2.776103365

1000 904 90.4 816 9.054709714

1000 900 90.0 484 9.211636023

900 874 97.11111111111111 361 7.217878793

1000 907 90.7 396 9.157483596

900 864 96.0 759 7.144613335

900 869 96.55555555555554 584 7.121594232

900 890 98.88888888888889 394 7.122694994

900 896 99.55555555555556 802 7.064729018

900 892 99.11111111111111 266 6.883914574

1260 1008 80.0 273 7.854371104

1260 1014 80.47619047619048 347 7.866289824

1260 999 79.28571428571428 807 7.688987224

1258 1010 80.28616852146264 434 8.110054006

1258 1002 79.65023847376789 426 8.382428232

1200 989 82.41666666666667 752 8.513651439

1200 1000 83.33333333333334 963 8.370743993

1300 1072 82.46153846153847 974 9.353040936

1300 1061 81.61538461538461 126 8.996122345

1200 997 83.08333333333333 811 8.80125945

1200 985 82.08333333333333 657 8.697506407

800 747 93.375 689 5.90992922

800 746 93.25 348 5.995173942

800 751 93.875 978 5.741345525

800 752 94.0 470 6.057468968

900 837 93.0 990 6.666641245

900 834 92.66666666666666 917 6.537799462

800 748 93.5 291 6.220908462

800 751 93.875 939 6.440469004

800 742 92.75 322 6.017955553

800 739 92.375 142 6.049640747

900 842 93.55555555555556 90 6.889662913

900 835 92.77777777777779 213 6.67019871

900 839 93.22222222222221 863 6.555685008

600 567 94.5 525 4.985814956

900 842 93.55555555555556 331 6.582950583

700 653 93.28571428571428 891 5.50673579

600 567 94.5 136 4.890198961

600 564 94.0 917 4.962774551

700 656 93.71428571428572 201 5.345387913

700 660 94.28571428571428 518 5.586196766

384 328 85.41666666666666 680 2.913951346

162 143 88.27160493827161 48 1.302309462

2058 1623 78.86297376093295 826 15.597116131

