1132 892 78.79858657243817 18 11.328118477

996 793 79.61847389558233 48 9.533053022

92 88 95.65217391304348 17 1.570314527

840 638 75.95238095238095 1 8.246796765

400 310 77.5 1 4.732734619

1000 924 92.4 486 16.234802339

1000 932 93.2 803 16.174331427

900 878 97.55555555555556 294 12.783618379

1000 926 92.60000000000001 881 15.13936644

900 888 98.66666666666667 635 12.164161516

900 882 98.0 658 12.452452139

900 899 99.8888888888889 665 12.3019151

900 899 99.8888888888889 199 11.883339753

900 898 99.77777777777777 514 11.905957015

1260 1042 82.6984126984127 379 14.0381425

1260 1051 83.41269841269842 864 13.844792602

1260 1050 83.33333333333334 169 14.150836123

1258 1043 82.9093799682035 507 14.147815251

1258 1049 83.38632750397457 590 13.426357057

1200 1005 83.75 419 14.188566619

1200 1016 84.66666666666667 461 14.547960223

1300 1094 84.15384615384616 529 15.610357878

1300 1088 83.6923076923077 70 16.054141706

1200 1023 85.25 159 15.514446056

1200 1013 84.41666666666666 613 15.013304831

800 762 95.25 560 10.077772755

800 755 94.375 271 11.016124029

800 762 95.25 925 10.047421092

800 762 95.25 101 10.037510263

900 850 94.44444444444444 182 11.768602873

900 849 94.33333333333334 218 11.240658765

800 760 95.0 547 10.432275375

800 766 95.75 360 10.45568311

800 760 95.0 269 10.418837615

800 761 95.125 899 10.115796697

900 855 95.0 335 11.509686001

900 857 95.22222222222221 866 11.850426631

900 857 95.22222222222221 286 11.381605466

600 577 96.16666666666667 961 8.665536982

900 854 94.88888888888889 451 11.877902127

700 670 95.71428571428572 371 9.438200035

600 576 96.0 522 8.355657855

600 579 96.5 442 8.573539731

700 672 96.0 334 9.180652038

700 668 95.42857142857143 206 9.298755825

384 338 88.02083333333334 328 4.858866132

162 145 89.50617283950618 7 2.125673549

2058 1661 80.70942662779397 479 26.807756045

