1132 877 77.47349823321554 67 6.339429595

996 790 79.31726907630522 271 5.634622401

92 80 86.95652173913044 457 0.992683971

840 638 75.95238095238095 1 4.732009606

400 307 76.75 1 2.765302021

1000 908 90.8 948 9.445170052

1000 902 90.2 6 9.158989406

900 874 97.11111111111111 237 7.265099997

1000 889 88.9 166 9.067221924

900 862 95.77777777777777 206 7.451692083

900 864 96.0 634 7.517753476

900 871 96.77777777777777 462 7.436022741

900 886 98.44444444444444 73 6.984945628

900 883 98.11111111111111 355 6.89752479

1260 1008 80.0 351 7.633119572

1260 993 78.80952380952381 939 8.200156262

1260 993 78.80952380952381 615 7.920706442

1258 986 78.37837837837837 784 8.129252064

1258 999 79.41176470588235 485 8.384692116

1200 954 79.5 453 8.497043735

1200 997 83.08333333333333 881 8.334017773

1300 1060 81.53846153846153 747 9.396150753

1300 1067 82.07692307692308 342 9.53999802

1200 996 83.0 310 8.741124969

1200 977 81.41666666666667 257 9.291651623

800 739 92.375 506 5.873644654

800 745 93.125 40 6.022189649

800 745 93.125 172 5.853014386

800 740 92.5 296 6.017230887

900 839 93.22222222222221 773 7.003958935

900 832 92.44444444444444 950 6.789410445

800 745 93.125 416 6.257862704

800 728 91.0 104 6.102897565

800 748 93.5 351 5.978503164

800 737 92.125 390 6.112178825

900 828 92.0 870 6.962631479

900 833 92.55555555555556 191 6.952148006

900 822 91.33333333333333 333 6.611911581

600 550 91.66666666666666 388 5.31619112

900 847 94.11111111111111 128 6.711176013

700 639 91.28571428571428 442 5.669536929

600 559 93.16666666666666 619 4.752970909

600 554 92.33333333333333 67 5.031822236

700 651 93.0 826 6.039741307

700 641 91.57142857142857 153 5.712995826

384 304 79.16666666666666 554 2.909327071

162 137 84.5679012345679 39 1.278266859

2058 1625 78.96015549076773 389 15.367660478

