1132 879 77.65017667844522 548 15.699935668

996 787 79.01606425702812 904 13.052620931

92 82 89.13043478260869 629 2.114185957

840 640 76.19047619047619 1 11.670806016

400 307 76.75 1 6.105698068

1000 906 90.60000000000001 362 23.180543209

1000 891 89.1 632 21.848020762

900 864 96.0 77 18.53768051

1000 895 89.5 40 21.988976274

900 859 95.44444444444444 514 18.546606378

900 859 95.44444444444444 600 19.407794657

900 885 98.33333333333333 836 18.165833335

900 880 97.77777777777777 402 18.109150085

900 890 98.88888888888889 497 17.375474252

1260 1025 81.34920634920636 178 19.634163345

1260 1004 79.68253968253968 379 19.900692716

1260 978 77.61904761904762 812 19.147448005

1258 976 77.58346581875993 711 19.624524954

1258 983 78.13990461049285 528 20.643462421

1200 1000 83.33333333333334 817 22.340834158

1200 990 82.5 196 21.423700651

1300 1070 82.3076923076923 279 22.507337337

1300 1053 81.0 292 23.72881653

1200 995 82.91666666666667 362 22.296940693

1200 998 83.16666666666667 962 22.481428137

800 751 93.875 395 14.29396471

800 744 93.0 239 15.470670134

800 739 92.375 279 14.842651687

800 737 92.125 179 14.831512753

900 840 93.33333333333333 146 17.117332957

900 834 92.66666666666666 742 16.800853527

800 733 91.625 271 14.634541858

800 738 92.25 444 14.456060964

800 741 92.625 253 14.957115209

800 740 92.5 629 14.877314239

900 839 93.22222222222221 72 16.490693434

900 832 92.44444444444444 709 17.964622844

900 825 91.66666666666666 577 16.964856538

600 558 93.0 604 13.226685093

900 836 92.88888888888889 500 16.322379239

700 639 91.28571428571428 142 14.147430932

600 553 92.16666666666666 790 11.680606986

600 561 93.5 328 12.157606488

700 653 93.28571428571428 728 14.238191775

700 649 92.71428571428572 394 13.744804928

384 316 82.29166666666666 181 6.876920083

162 143 88.27160493827161 22 3.246100665

2058 1639 79.64042759961127 764 37.445704626

