1132 893 78.886925795053 59 10.913043888

996 793 79.61847389558233 52 9.798198827

92 88 95.65217391304348 425 1.592094772

840 640 76.19047619047619 1 8.380354745

400 309 77.25 1 4.271235358

1000 925 92.5 397 15.55369344

1000 923 92.30000000000001 741 15.925231362

900 885 98.33333333333333 387 12.384282746

1000 925 92.5 812 16.308139622

900 875 97.22222222222221 668 12.441200441

900 878 97.55555555555556 271 12.783136316

900 899 99.8888888888889 649 12.819246131

900 895 99.44444444444444 45 12.102587433

900 898 99.77777777777777 126 11.906538475

1260 1049 83.25396825396825 656 13.523077127

1260 1041 82.61904761904762 689 14.406702707

1260 1038 82.38095238095238 978 13.377355893

1258 1036 82.35294117647058 725 13.503221061

1258 1040 82.67090620031796 516 13.744280396

1200 1007 83.91666666666666 228 14.396481871

1200 1017 84.75 931 14.524379173

1300 1082 83.23076923076923 118 15.755562713

1300 1094 84.15384615384616 494 16.426518628

1200 1000 83.33333333333334 782 15.661460073

1200 1010 84.16666666666667 146 14.892595125

800 759 94.875 234 10.518310751

800 760 95.0 887 10.718269541

800 763 95.375 887 10.272447909

800 755 94.375 250 10.128866911

900 855 95.0 118 11.475841687

900 844 93.77777777777779 233 11.908190626

800 761 95.125 871 10.324187144

800 765 95.625 959 10.131081121

800 751 93.875 322 10.756927486

800 759 94.875 408 10.234564841

900 851 94.55555555555556 799 11.810869527

900 855 95.0 856 11.795261084

900 855 95.0 883 11.145121534

600 572 95.33333333333334 709 8.497390744

900 856 95.11111111111111 527 11.359022017

700 671 95.85714285714285 279 9.204035145

600 575 95.83333333333334 718 8.53808968

600 577 96.16666666666667 961 8.640639705

700 666 95.14285714285714 958 9.16929942

700 665 95.0 271 9.159168296

384 340 88.54166666666666 256 4.964157944

162 143 88.27160493827161 105 2.06637911

2058 1649 80.12633624878522 459 25.68396686

