1132 894 78.97526501766784 635 15.697083244

996 796 79.91967871485943 138 13.171367838

92 88 95.65217391304348 418 2.114233486

840 638 75.95238095238095 1 11.161039263

400 310 77.5 1 6.140806453

1000 927 92.7 954 21.242013777

1000 929 92.9 80 21.875860346

900 879 97.66666666666667 382 17.467327711

1000 921 92.10000000000001 913 22.463747526

900 875 97.22222222222221 348 17.526183564

900 879 97.66666666666667 527 17.468431492

900 898 99.77777777777777 168 16.843417487

900 899 99.8888888888889 231 17.106835009

900 898 99.77777777777777 78 16.6875125

1260 1032 81.9047619047619 828 18.942385454

1260 1037 82.3015873015873 586 19.10300974

1260 1033 81.98412698412699 238 19.104884475

1258 1030 81.87599364069952 132 19.08919074

1258 1044 82.98887122416534 310 19.050922091

1200 999 83.25 740 20.636122396

1200 1009 84.08333333333333 545 20.372485335

1300 1081 83.15384615384616 265 22.119316506

1300 1077 82.84615384615385 35 22.084584413

1200 1014 84.5 143 21.447258232

1200 1002 83.5 76 20.987364855

800 762 95.25 802 14.175782979

800 761 95.125 471 14.243669305

800 760 95.0 608 13.941499234

800 756 94.5 235 14.546712755

900 850 94.44444444444444 399 16.106584564

900 851 94.55555555555556 387 16.175033603

800 760 95.0 640 14.331759294

800 760 95.0 292 14.745927594

800 752 94.0 701 14.584630486

800 758 94.75 590 14.775678346

900 848 94.22222222222221 776 16.279814158

900 850 94.44444444444444 221 16.299091

900 853 94.77777777777779 534 16.25275466

600 575 95.83333333333334 34 12.120802144

900 858 95.33333333333334 206 16.217211253

700 663 94.71428571428572 543 13.18635266

600 572 95.33333333333334 320 11.278513024

600 570 95.0 388 11.773116067

700 675 96.42857142857143 435 13.067913862

700 670 95.71428571428572 38 13.168271921

384 334 86.97916666666666 470 6.45414612

162 143 88.27160493827161 429 2.800132805

2058 1652 80.27210884353741 253 36.241224784

