1132 894 78.97526501766784 28 14.609945851

996 796 79.91967871485943 48 13.421141793

92 88 95.65217391304348 22 2.072748541

840 638 75.95238095238095 1 11.196571464

400 304 76.0 1 5.978008638

1000 929 92.9 957 21.778110529

1000 930 93.0 677 22.115728125

900 886 98.44444444444444 288 17.812218136

1000 940 94.0 624 21.958212739

900 889 98.77777777777777 40 17.325604213

900 885 98.33333333333333 219 17.347839923

900 898 99.77777777777777 312 17.017336309

900 900 100.0 978 16.938667368

900 897 99.66666666666667 115 17.086533868

1260 1068 84.76190476190476 53 19.314513969

1260 1055 83.73015873015873 305 18.782220387

1260 1053 83.57142857142857 777 18.555211372

1258 1046 83.14785373608903 433 18.716648807

1258 1038 82.51192368839428 607 19.174627688

1200 1017 84.75 629 21.277993397

1200 1026 85.5 520 20.642139745

1300 1104 84.92307692307692 269 22.016244477

1300 1091 83.92307692307692 196 22.269543854

1200 1024 85.33333333333334 282 21.343693149

1200 1022 85.16666666666667 359 21.170271984

800 762 95.25 282 14.010160702

800 760 95.0 166 14.389531285

800 760 95.0 681 14.724285851

800 761 95.125 990 14.266769581

900 854 94.88888888888889 154 16.124389211

900 846 94.0 816 16.950484041

800 763 95.375 488 14.384118635

800 763 95.375 929 14.237084053

800 763 95.375 990 15.174430432

800 761 95.125 323 14.839439798

900 856 95.11111111111111 419 16.038351885

900 855 95.0 633 16.692146563

900 857 95.22222222222221 648 15.782649986

600 580 96.66666666666667 962 12.130822192

900 863 95.88888888888889 529 16.517684349

700 672 96.0 335 13.023248153

600 576 96.0 204 11.20411253

600 579 96.5 393 12.392617269

700 672 96.0 584 13.152932318

700 676 96.57142857142857 559 13.084689808

384 342 89.0625 142 6.885880193

162 145 89.50617283950618 9 2.767172313

2058 1651 80.22351797862002 365 35.884337659

