1132 894 78.97526501766784 55 14.765916575

996 796 79.91967871485943 30 13.022976712

92 88 95.65217391304348 18 2.162869308

840 640 76.19047619047619 1 11.393698063

400 310 77.5 1 6.027389496

1000 939 93.89999999999999 509 21.456433331

1000 942 94.19999999999999 373 22.346758263

900 884 98.22222222222223 829 17.772589349

1000 931 93.10000000000001 676 22.233163428

900 884 98.22222222222223 809 17.557027376

900 885 98.33333333333333 499 17.356794595

900 899 99.8888888888889 167 16.861346014

900 899 99.8888888888889 430 16.996457148

900 899 99.8888888888889 804 17.075295547

1260 1066 84.60317460317461 455 18.810875793

1260 1048 83.17460317460318 165 19.331356946

1260 1050 83.33333333333334 927 19.876056064

1258 1076 85.53259141494436 313 18.906939169

1258 1053 83.70429252782195 104 19.035925932

1200 1020 85.0 937 20.359161245

1200 1032 86.0 225 20.947303845

1300 1105 85.0 210 22.066331838

1300 1096 84.3076923076923 659 22.531156472

1200 1026 85.5 613 21.122745659

1200 1018 84.83333333333334 353 21.083778493

800 761 95.125 567 14.430189159

800 758 94.75 573 14.367178772

800 761 95.125 105 14.582781116

800 756 94.5 101 14.27852071

900 855 95.0 320 15.958533458

900 851 94.55555555555556 84 16.146103587

800 761 95.125 534 14.550342941

800 769 96.125 782 14.116438835

800 759 94.875 152 14.213904409

800 761 95.125 103 13.917669492

900 856 95.11111111111111 884 16.467129615

900 861 95.66666666666667 567 16.389097767

900 856 95.11111111111111 670 16.39971012

600 581 96.83333333333334 921 12.094476387

900 862 95.77777777777777 107 16.199226051

700 673 96.14285714285714 502 13.210017709

600 580 96.66666666666667 531 11.420510342

600 575 95.83333333333334 425 11.740439974

700 668 95.42857142857143 421 12.853979811

700 675 96.42857142857143 58 13.279953132

384 344 89.58333333333334 524 7.194767738

162 145 89.50617283950618 79 2.719876272

2058 1675 81.38969873663751 967 35.985411551

