1132 892 78.79858657243817 412 10.281314638

996 795 79.81927710843374 25 9.419225308

92 88 95.65217391304348 505 1.54741675

840 640 76.19047619047619 1 8.796378894

400 309 77.25 1 4.311714787

1000 924 92.4 264 15.382076421

1000 928 92.80000000000001 612 15.385641268

900 880 97.77777777777777 683 12.316007392

1000 922 92.2 918 15.525761325

900 880 97.77777777777777 517 12.375683293

900 880 97.77777777777777 115 12.231282267

900 898 99.77777777777777 766 11.778729971

900 897 99.66666666666667 448 11.761099036

900 897 99.66666666666667 141 12.032058875

1260 1041 82.61904761904762 508 13.394032806

1260 1038 82.38095238095238 236 13.746621431

1260 1040 82.53968253968253 660 13.352846227

1258 1030 81.87599364069952 740 13.304760703

1258 1045 83.06836248012719 250 13.253122415

1200 1009 84.08333333333333 40 14.443385692

1200 1011 84.25 666 14.581390414

1300 1082 83.23076923076923 196 15.676602785

1300 1088 83.6923076923077 549 16.463948853

1200 1017 84.75 252 14.948838839

1200 1008 84.0 780 15.226277772

800 759 94.875 200 10.137954939

800 761 95.125 609 10.166434461

800 758 94.75 264 9.98890419

800 758 94.75 567 10.100658765

900 854 94.88888888888889 47 11.223517744

900 848 94.22222222222221 236 11.812819552

800 761 95.125 623 10.021895558

800 759 94.875 237 9.907787727

800 752 94.0 253 10.607155255

800 758 94.75 380 10.04693631

900 850 94.44444444444444 604 11.31130984

900 853 94.77777777777779 492 11.297617648

900 856 95.11111111111111 666 11.220785444

600 571 95.16666666666667 201 8.718531058

900 858 95.33333333333334 141 11.509910732

700 671 95.85714285714285 786 9.178571601

600 577 96.16666666666667 519 8.280358204

600 578 96.33333333333334 514 8.296473186

700 669 95.57142857142857 420 9.101519793

700 670 95.71428571428572 144 9.005352743

384 338 88.02083333333334 36 4.799074722

162 143 88.27160493827161 22 2.164809277

2058 1653 80.32069970845481 569 25.322015048

