1132 888 78.4452296819788 902 6.200101831

996 787 79.01606425702812 33 5.861391677

92 84 91.30434782608695 153 1.052984719

840 640 76.19047619047619 1 4.64892475

400 310 77.5 1 2.662803699

1000 912 91.2 995 9.124379569

1000 911 91.10000000000001 186 9.3253248

900 870 96.66666666666667 755 7.50669373

1000 906 90.60000000000001 325 9.598437562

900 872 96.88888888888889 83 7.577576851

900 868 96.44444444444444 404 7.237928058

900 888 98.66666666666667 608 6.884279888

900 893 99.22222222222223 91 6.898679664

900 890 98.88888888888889 68 7.706534984

1260 995 78.96825396825396 84 8.025653763

1260 1001 79.44444444444444 364 7.970658483

1260 997 79.12698412698413 308 8.326634205

1258 1001 79.57074721780603 48 8.040720439

1258 1000 79.4912559618442 916 8.106351085

1200 970 80.83333333333333 140 9.180326857

1200 989 82.41666666666667 242 8.259414415

1300 1055 81.15384615384616 388 9.832200328

1300 1054 81.07692307692308 723 9.405029016

1200 981 81.75 523 9.003532751

1200 987 82.25 977 9.032724983

800 748 93.5 587 5.833686091

800 748 93.5 939 6.23927182

800 746 93.25 61 6.145473048

800 750 93.75 107 6.104499329

900 830 92.22222222222223 456 6.768661513

900 837 93.0 293 6.594987521

800 745 93.125 50 6.395301036

800 748 93.5 177 6.177220385

800 741 92.625 208 6.190093768

800 744 93.0 553 5.954773711

900 834 92.66666666666666 779 6.618242854

900 840 93.33333333333333 621 7.182442524

900 837 93.0 872 6.501371682

600 566 94.33333333333334 997 5.095913854

900 844 93.77777777777779 561 7.078535916

700 660 94.28571428571428 669 5.430872365

600 558 93.0 108 4.983487921

600 562 93.66666666666667 584 5.315873139

700 655 93.57142857142857 863 5.721043882

700 656 93.71428571428572 827 5.562775118

384 322 83.85416666666666 782 3.120361893

162 145 89.50617283950618 8 1.344099609

2058 1613 78.377065111759 252 16.268590304

