1132 889 78.53356890459364 169 6.378754162

996 785 78.81526104417671 409 5.5253877

92 84 91.30434782608695 22 1.198765575

840 640 76.19047619047619 1 4.762640006

400 310 77.5 2 2.54480701

1000 917 91.7 493 8.984200933

1000 913 91.3 216 9.021268719

900 873 97.0 19 7.206616449

1000 908 90.8 854 9.008009351

900 866 96.22222222222221 96 7.135220744

900 865 96.11111111111111 42 7.317658362

900 894 99.33333333333333 666 7.204774028

900 889 98.77777777777777 255 7.15758751

900 890 98.88888888888889 203 7.281380396

1260 1004 79.68253968253968 403 8.114929589

1260 1003 79.6031746031746 63 8.33299541

1260 1021 81.03174603174604 691 8.044114005

1258 1009 80.20667726550079 229 8.325542288

1258 1004 79.80922098569158 810 8.726996387

1200 978 81.5 294 8.599962863

1200 987 82.25 961 8.299371224

1300 1061 81.61538461538461 297 9.149119031

1300 1058 81.38461538461539 531 9.025696292

1200 998 83.16666666666667 884 8.597356735

1200 978 81.5 422 8.765386777

800 750 93.75 460 6.231054285

800 744 93.0 531 5.910770334

800 752 94.0 272 5.994887301

800 749 93.625 336 5.793926328

900 827 91.88888888888889 788 6.590584783

900 842 93.55555555555556 416 6.849067724

800 747 93.375 191 6.227255579

800 746 93.25 675 5.956606293

800 740 92.5 438 6.29843247

800 747 93.375 613 6.011314075

900 840 93.33333333333333 526 6.964309309

900 841 93.44444444444444 330 7.043628775

900 846 94.0 993 6.620064095

600 566 94.33333333333334 179 5.067482898

900 839 93.22222222222221 430 6.728994195

700 656 93.71428571428572 130 5.464731511

600 560 93.33333333333333 295 4.96248698

600 564 94.0 217 5.298522298

700 652 93.14285714285714 745 5.586700458

700 661 94.42857142857143 647 5.436477808

384 320 83.33333333333334 113 3.321534674

162 143 88.27160493827161 25 1.521750334

2058 1633 79.3488824101069 595 15.617553244

