1132 894 78.97526501766784 38 15.272519656

996 796 79.91967871485943 139 12.996577665

92 88 95.65217391304348 225 2.087599065

840 638 75.95238095238095 1 11.317702596

400 309 77.25 1 5.987562592

1000 932 93.2 957 21.494833205

1000 924 92.4 496 22.149326916

900 886 98.44444444444444 335 17.310292979

1000 931 93.10000000000001 508 22.493220591

900 877 97.44444444444444 430 17.682985682

900 881 97.88888888888889 325 18.18265232

900 897 99.66666666666667 777 16.678552916

900 900 100.0 426 17.701432703

900 899 99.8888888888889 518 16.759921723

1260 1052 83.4920634920635 466 19.049899588

1260 1064 84.44444444444444 216 19.580531967

1260 1044 82.85714285714286 512 19.856767563

1258 1026 81.55802861685216 346 18.951800556

1258 1030 81.87599364069952 749 19.343599118

1200 1003 83.58333333333333 709 20.226811274

1200 1017 84.75 316 20.072535502

1300 1098 84.46153846153847 352 21.835789805

1300 1088 83.6923076923077 429 22.092396915

1200 1015 84.58333333333333 177 21.058971183

1200 1019 84.91666666666666 457 20.973259887

800 764 95.5 355 14.406277322

800 758 94.75 304 14.547225552

800 759 94.875 435 14.138979636

800 757 94.625 873 14.593108342

900 852 94.66666666666667 446 16.05776452

900 851 94.55555555555556 21 16.192435234

800 758 94.75 575 15.073394259

800 760 95.0 453 14.374380037

800 757 94.625 496 15.15884233

800 756 94.5 165 14.266641388

900 854 94.88888888888889 184 16.480044952

900 852 94.66666666666667 912 16.621695345

900 853 94.77777777777779 682 16.095693253

600 575 95.83333333333334 384 12.062787457

900 853 94.77777777777779 932 16.126707546

700 671 95.85714285714285 464 12.88538298

600 575 95.83333333333334 137 11.320204231

600 570 95.0 388 11.82232007

700 671 95.85714285714285 192 13.235779265

700 672 96.0 171 13.19997052

384 336 87.5 38 6.956108403

162 145 89.50617283950618 7 2.675402847

2058 1679 81.58406219630709 341 35.242278327

