1132 891 78.71024734982332 288 10.555605255

996 793 79.61847389558233 122 9.504183079

92 88 95.65217391304348 36 1.727872192

840 640 76.19047619047619 1 8.600250163

400 310 77.5 1 4.180885902

1000 913 91.3 636 15.930442838

1000 915 91.5 14 15.59549716

900 875 97.22222222222221 133 12.531752818

1000 909 90.9 650 15.318200419

900 874 97.11111111111111 260 12.792819675

900 871 96.77777777777777 959 12.314050851

900 894 99.33333333333333 108 12.247952034

900 890 98.88888888888889 224 12.123233581

900 894 99.33333333333333 618 12.026708572

1260 1018 80.7936507936508 364 13.631320389

1260 1016 80.63492063492063 358 13.225659055

1260 1008 80.0 202 13.413051941

1258 1012 80.44515103338632 68 13.151350138

1258 1005 79.88871224165341 160 13.557462395

1200 989 82.41666666666667 602 14.364578956

1200 997 83.08333333333333 802 15.054201699

1300 1071 82.38461538461539 491 16.488789396

1300 1061 81.61538461538461 200 15.740564155

1200 995 82.91666666666667 285 14.878796155

1200 993 82.75 242 15.464824032

800 751 93.875 362 10.221208148

800 746 93.25 218 10.790352966

800 747 93.375 367 10.543047834

800 752 94.0 897 10.370810024

900 842 93.55555555555556 683 12.062770462

900 833 92.55555555555556 94 11.199100913

800 748 93.5 565 10.823407684

800 749 93.625 455 10.529820618

800 748 93.5 640 10.378919828

800 753 94.125 683 10.213630836

900 834 92.66666666666666 147 11.501832562

900 843 93.66666666666667 94 11.497853566

900 842 93.55555555555556 338 11.232455828

600 566 94.33333333333334 132 8.734343066

900 845 93.88888888888889 812 11.187452346

700 660 94.28571428571428 967 9.37722207

600 564 94.0 179 8.499104671

600 569 94.83333333333334 703 8.425026015

700 664 94.85714285714286 239 9.139599488

700 660 94.28571428571428 614 9.298980627

384 324 84.375 645 4.786908355

162 145 89.50617283950618 5 2.316298162

2058 1622 78.81438289601554 988 26.320877864

