1132 894 78.97526501766784 41 14.531409183

996 796 79.91967871485943 104 14.140255543

92 87 94.56521739130434 23 2.275000205

840 640 76.19047619047619 1 11.083569935

400 308 77.0 1 6.278950986

1000 936 93.60000000000001 985 22.161488929

1000 919 91.9 326 21.789540686

900 875 97.22222222222221 150 17.383393679

1000 930 93.0 89 22.712388709

900 878 97.55555555555556 925 17.239315943

900 882 98.0 416 17.880302443

900 897 99.66666666666667 239 16.945630329

900 899 99.8888888888889 457 17.122734254

900 898 99.77777777777777 244 17.301054629

1260 1056 83.80952380952381 124 19.650890418

1260 1051 83.41269841269842 835 19.157430302

1260 1026 81.42857142857143 201 19.241136188

1258 1061 84.34022257551669 925 18.78368756

1258 1057 84.02225755166933 466 20.44075344

1200 1013 84.41666666666666 312 21.264391656

1200 1018 84.83333333333334 397 20.61427423

1300 1103 84.84615384615385 357 22.117527281

1300 1097 84.38461538461539 991 22.091737857

1200 1027 85.58333333333333 356 22.521877516

1200 1019 84.91666666666666 770 21.108952204

800 764 95.5 706 14.889104454

800 757 94.625 307 14.277042804

800 760 95.0 96 14.12474995

800 761 95.125 140 14.241481502

900 856 95.11111111111111 188 16.005204428

900 849 94.33333333333334 460 16.169767828

800 760 95.0 796 14.522796362

800 760 95.0 162 14.399036837

800 758 94.75 908 14.395806572

800 756 94.5 74 14.533314993

900 856 95.11111111111111 244 16.629910425

900 854 94.88888888888889 431 16.061894524

900 853 94.77777777777779 694 16.934779662

600 576 96.0 389 12.145664133

900 854 94.88888888888889 825 15.855232767

700 668 95.42857142857143 450 13.313768252

600 569 94.83333333333334 441 12.168849659

600 580 96.66666666666667 742 12.340264256

700 680 97.14285714285714 728 13.339554922

700 672 96.0 115 13.065491707

384 342 89.0625 883 6.952618764

162 145 89.50617283950618 9 2.780055325

2058 1665 80.90379008746356 202 38.607727826

