1132 891 78.71024734982332 209 6.587182706

996 796 79.91967871485943 58 5.38916841

92 88 95.65217391304348 470 1.327503065

840 640 76.19047619047619 1 4.64897874

400 310 77.5 3 2.680829396

1000 944 94.39999999999999 209 8.992285269

1000 926 92.60000000000001 137 9.14144105

900 881 97.88888888888889 688 7.317791813

1000 925 92.5 893 9.38528902

900 882 98.0 169 7.153114736

900 882 98.0 454 7.232966289

900 897 99.66666666666667 176 7.553422887

900 897 99.66666666666667 66 7.070346466

900 898 99.77777777777777 732 7.084024555

1260 1051 83.41269841269842 665 7.738179576

1260 1054 83.65079365079366 533 7.940840807

1260 1049 83.25396825396825 822 8.091140473

1258 1035 82.27344992050874 950 8.249501379

1258 1066 84.73767885532591 768 8.413780751

1200 1016 84.66666666666667 854 9.159507462

1200 1020 85.0 927 8.357999327

1300 1094 84.15384615384616 923 9.080429036

1300 1096 84.3076923076923 624 9.070443648

1200 1019 84.91666666666666 667 8.66736055

1200 1012 84.33333333333334 902 8.893941677

800 762 95.25 556 5.846544207

800 759 94.875 369 5.961361459

800 761 95.125 959 5.741378907

800 761 95.125 915 6.070776083

900 849 94.33333333333334 656 6.735901986

900 850 94.44444444444444 495 6.567880109

800 761 95.125 422 6.256842203

800 760 95.0 386 6.131154271

800 755 94.375 749 6.142255984

800 761 95.125 985 5.843548569

900 857 95.22222222222221 642 6.57337616

900 855 95.0 468 7.059194448

900 851 94.55555555555556 549 6.921328622

600 581 96.83333333333334 596 4.93735449

900 862 95.77777777777777 543 6.54399213

700 673 96.14285714285714 318 5.666262619

600 573 95.5 133 4.916229129

600 577 96.16666666666667 499 4.953454082

700 672 96.0 190 5.85596491

700 667 95.28571428571428 467 5.472105298

384 340 88.54166666666666 36 3.006597248

162 145 89.50617283950618 93 1.232919386

2058 1675 81.38969873663751 285 14.844581698

