1132 879 77.65017667844522 652 11.132244807

996 764 76.70682730923694 82 9.395193501

92 76 82.6086956521739 303 1.620949283

840 638 75.95238095238095 1 8.231887656

400 306 76.5 1 4.635648399

1000 899 89.9 161 17.234287378

1000 891 89.1 535 15.751268983

900 857 95.22222222222221 35 12.543436004

1000 882 88.2 260 16.575143786

900 861 95.66666666666667 275 12.737713059

900 855 95.0 203 12.432880938

900 881 97.88888888888889 727 12.565792823

900 884 98.22222222222223 512 12.375049835

900 878 97.55555555555556 174 12.305622095

1260 973 77.22222222222223 88 13.841402764

1260 957 75.95238095238095 315 13.341869783

1260 990 78.57142857142857 919 13.898061008

1258 972 77.26550079491255 556 13.891256747

1258 989 78.61685214626391 454 13.885562684

1200 957 79.75 941 14.535953179

1200 981 81.75 250 14.851771752

1300 1036 79.6923076923077 95 17.170236894

1300 1017 78.23076923076923 619 15.678896626

1200 945 78.75 425 15.490148118

1200 948 79.0 604 16.438307817

800 731 91.375 445 10.1415643

800 732 91.5 17 10.442274403

800 725 90.625 445 10.732069172

800 723 90.375 964 10.744117374

900 808 89.77777777777777 795 11.744619917

900 825 91.66666666666666 628 12.282787416

800 720 90.0 755 10.329894989

800 735 91.875 432 11.291702762

800 734 91.75 944 10.954025839

800 734 91.75 76 10.483786371

900 815 90.55555555555556 35 12.384403566

900 816 90.66666666666666 328 11.735819064

900 814 90.44444444444444 46 11.7056662

600 551 91.83333333333333 155 8.552914298

900 810 90.0 754 11.529747424

700 636 90.85714285714286 553 9.424160434

600 557 92.83333333333333 760 8.441030422

600 549 91.5 924 8.609861958

700 634 90.57142857142857 200 9.242029316

700 647 92.42857142857143 596 9.421510761

384 305 79.42708333333334 638 5.096168156

162 143 88.27160493827161 43 1.970827329

2058 1603 77.89115646258503 107 26.345889748

