1132 884 78.09187279151944 127 10.580999284

996 795 79.81927710843374 91 9.487898232

92 88 95.65217391304348 67 1.588470159

840 638 75.95238095238095 1 8.178679663

400 309 77.25 1 4.418650653

1000 912 91.2 298 15.889193785

1000 902 90.2 29 15.876611805

900 878 97.55555555555556 213 12.85620448

1000 916 91.60000000000001 234 15.491397185

900 867 96.33333333333334 330 12.295491105

900 877 97.44444444444444 549 13.1110731

900 895 99.44444444444444 436 12.329523234

900 893 99.22222222222223 692 12.838709731

900 892 99.11111111111111 435 11.870654566

1260 1006 79.84126984126985 180 13.265278588

1260 1026 81.42857142857143 992 13.513990121

1260 1016 80.63492063492063 112 13.758076841

1258 1020 81.08108108108108 420 13.684673699

1258 1018 80.9220985691574 340 13.784028558

1200 989 82.41666666666667 755 14.936313239

1200 985 82.08333333333333 451 14.162887018

1300 1069 82.23076923076923 933 15.680094784

1300 1061 81.61538461538461 811 16.227575173

1200 979 81.58333333333333 825 14.65460464

1200 984 82.0 429 15.507682831

800 750 93.75 522 9.864319715

800 745 93.125 481 10.433672849

800 749 93.625 749 10.354875331

800 741 92.625 276 10.076826902

900 850 94.44444444444444 793 11.542863137

900 843 93.66666666666667 516 12.064023957

800 758 94.75 916 10.068368631

800 744 93.0 212 10.440552693

800 748 93.5 122 10.500133699

800 752 94.0 680 10.108182711

900 843 93.66666666666667 236 11.36690563

900 839 93.22222222222221 690 11.633638274

900 847 94.11111111111111 440 11.317071161

600 564 94.0 55 8.841532038

900 844 93.77777777777779 697 12.289056063

700 662 94.57142857142857 831 9.226482434

600 571 95.16666666666667 194 8.792104214

600 567 94.5 838 9.192092271

700 665 95.0 794 9.354331463

700 660 94.28571428571428 158 9.714500388

384 328 85.41666666666666 167 4.801028394

162 135 83.33333333333334 14 2.255052511

2058 1611 78.2798833819242 834 25.765112436

