1132 879 77.65017667844522 814 15.906463995

996 764 76.70682730923694 768 13.501246041

92 73 79.34782608695652 399 2.139178648

840 618 73.57142857142858 1 11.856823216

400 310 77.5 1 6.644751445

1000 893 89.3 501 22.134003182

1000 901 90.10000000000001 900 22.100124777

900 871 96.77777777777777 597 17.511039253

1000 903 90.3 266 21.805886649

900 852 94.66666666666667 821 17.886048237

900 849 94.33333333333334 916 17.591489803

900 885 98.33333333333333 784 17.776447328

900 887 98.55555555555556 562 17.358720745

900 890 98.88888888888889 600 18.263109662

1260 981 77.85714285714286 590 19.996900847

1260 969 76.90476190476191 248 18.975161538

1260 1009 80.07936507936509 477 21.223113217

1258 985 78.29888712241655 641 20.178686904

1258 957 76.0731319554849 263 20.477649708

1200 950 79.16666666666666 769 21.249398312

1200 976 81.33333333333333 100 20.79806226

1300 1055 81.15384615384616 558 23.450723074

1300 1037 79.76923076923077 121 24.392806034

1200 968 80.66666666666666 291 21.959410682

1200 960 80.0 191 22.203004821

800 736 92.0 209 14.347015571

800 729 91.125 919 14.81229427

800 729 91.125 239 14.8138556

800 736 92.0 454 14.631766979

900 808 89.77777777777777 50 16.177897377

900 813 90.33333333333333 117 16.303748535

800 731 91.375 973 15.380240903

800 735 91.875 490 16.1264486

800 730 91.25 64 14.909698419

800 731 91.375 407 14.696655358

900 831 92.33333333333333 65 17.525860126

900 828 92.0 187 17.845483631

900 809 89.88888888888889 125 17.499781997

600 544 90.66666666666666 146 12.453280589

900 827 91.88888888888889 585 17.080222543

700 641 91.57142857142857 174 13.784310956

600 557 92.83333333333333 329 12.731988204

600 542 90.33333333333333 717 12.938377586

700 634 90.57142857142857 463 13.685648146

700 628 89.71428571428571 289 13.273443585

384 312 81.25 416 6.831312348

162 133 82.09876543209876 586 2.938122478

2058 1569 76.23906705539358 525 36.249449579

