1132 892 78.79858657243817 641 6.403697073

996 791 79.41767068273093 292 5.483482391

92 79 85.86956521739131 35 1.032486278

840 638 75.95238095238095 1 4.895153174

400 308 77.0 1 2.568889516

1000 904 90.4 440 8.978226511

1000 908 90.8 163 9.053404746

900 866 96.22222222222221 20 7.20803997

1000 904 90.4 173 9.072110766

900 870 96.66666666666667 407 7.421165191

900 868 96.44444444444444 219 7.229182662

900 891 99.0 727 6.912625885

900 891 99.0 967 7.123875339

900 885 98.33333333333333 476 6.986701486

1260 1021 81.03174603174604 941 7.677691309

1260 992 78.73015873015873 307 8.027284189

1260 1013 80.3968253968254 970 8.473283315

1258 1003 79.72972972972973 615 8.935224427

1258 1003 79.72972972972973 204 8.100138177

1200 994 82.83333333333334 620 8.432785782

1200 983 81.91666666666667 436 8.34631888

1300 1060 81.53846153846153 105 9.509256066

1300 1062 81.6923076923077 431 9.449845735

1200 997 83.08333333333333 663 8.958027296

1200 975 81.25 796 8.831340099

800 741 92.625 896 5.988884423

800 747 93.375 213 6.428211453

800 745 93.125 425 6.055333187

800 731 91.375 510 5.851338861

900 838 93.11111111111111 37 6.770017746

900 832 92.44444444444444 872 6.522505729

800 736 92.0 113 6.153393059

800 750 93.75 730 6.386236525

800 739 92.375 891 6.090377295

800 743 92.875 656 6.257790619

900 836 92.88888888888889 281 6.698802881

900 836 92.88888888888889 338 7.026732706

900 824 91.55555555555556 55 6.642670839

600 567 94.5 848 5.216596259

900 841 93.44444444444444 958 6.542690958

700 654 93.42857142857143 454 5.504072412

600 568 94.66666666666667 886 4.956477194

600 551 91.83333333333333 398 5.228345345

700 658 94.0 257 5.727172204

700 654 93.42857142857143 122 5.383001954

384 336 87.5 1000 2.951771838

162 143 88.27160493827161 51 1.227165444

2058 1613 78.377065111759 622 15.531739249

