1132 892 78.79858657243817 35 16.269976126

996 796 79.91967871485943 34 13.298570379

92 88 95.65217391304348 182 1.995062452

840 640 76.19047619047619 1 11.123994804

400 310 77.5 1 5.985431645

1000 920 92.0 915 22.222565263

1000 919 91.9 367 23.299915761

900 876 97.33333333333334 810 18.434727189

1000 921 92.10000000000001 966 22.925224384

900 880 97.77777777777777 886 18.880855804

900 871 96.77777777777777 151 18.604802437

900 894 99.33333333333333 458 17.213355056

900 899 99.8888888888889 242 17.48762212

900 895 99.44444444444444 409 17.09507823

1260 1037 82.3015873015873 466 19.629248348

1260 1041 82.61904761904762 448 19.621782126

1260 1030 81.74603174603175 942 19.640615542

1258 1035 82.27344992050874 643 18.725863248

1258 1034 82.1939586645469 928 19.174675199

1200 1006 83.83333333333334 980 20.200980182

1200 1016 84.66666666666667 482 20.932850793

1300 1084 83.38461538461537 818 23.046780301

1300 1083 83.3076923076923 389 23.049829208

1200 1003 83.58333333333333 948 22.332101026

1200 1011 84.25 228 21.978391515

800 760 95.0 166 14.539518192

800 759 94.875 39 14.558070626

800 753 94.125 698 14.426001253

800 759 94.875 420 14.682869382

900 852 94.66666666666667 438 16.966352877

900 847 94.11111111111111 205 16.028383111

800 752 94.0 489 15.203300201

800 755 94.375 260 15.530882085

800 749 93.625 202 14.382993904

800 759 94.875 320 14.163954502

900 853 94.77777777777779 622 16.952458025

900 851 94.55555555555556 942 16.112924991

900 852 94.66666666666667 758 15.993515035

600 575 95.83333333333334 262 12.36690104

900 848 94.22222222222221 918 17.067862498

700 668 95.42857142857143 455 13.197016183

600 577 96.16666666666667 494 11.622800556

600 575 95.83333333333334 290 12.833390116

700 671 95.85714285714285 601 13.053036808

700 667 95.28571428571428 344 13.606363346

384 334 86.97916666666666 168 7.311127116

162 145 89.50617283950618 20 2.888409123

2058 1637 79.54324586977648 751 38.393228025

