1132 893 78.886925795053 221 6.494463839

996 795 79.81927710843374 81 5.483385796

92 88 95.65217391304348 276 0.970982491

840 640 76.19047619047619 1 4.720784294

400 310 77.5 2 2.748301095

1000 914 91.4 668 9.311102899

1000 923 92.30000000000001 793 8.945528964

900 876 97.33333333333334 674 7.057895063

1000 918 91.8 537 9.181034048

900 879 97.66666666666667 489 7.083124851

900 883 98.11111111111111 338 7.090923919

900 897 99.66666666666667 443 6.864123474

900 895 99.44444444444444 472 6.902517773

900 896 99.55555555555556 115 6.900165618

1260 1021 81.03174603174604 379 7.879203886

1260 1022 81.11111111111111 255 7.884657568

1260 1017 80.71428571428572 606 7.991788532

1258 1027 81.637519872814 306 8.046518603

1258 1035 82.27344992050874 662 7.951830611

1200 997 83.08333333333333 64 8.408465014

1200 1000 83.33333333333334 105 8.236741477

1300 1083 83.3076923076923 934 9.244739816

1300 1076 82.76923076923077 901 9.632453045

1200 1009 84.08333333333333 60 8.873482296

1200 998 83.16666666666667 564 8.593341771

800 753 94.125 678 5.787781316

800 754 94.25 159 6.071109271

800 761 95.125 732 5.94181258

800 754 94.25 632 5.981878195

900 855 95.0 741 6.514578221

900 848 94.22222222222221 474 6.521415046

800 753 94.125 564 5.903857663

800 755 94.375 336 5.917175891

800 748 93.5 129 6.293703749

800 754 94.25 498 5.94082815

900 850 94.44444444444444 568 6.588657278

900 853 94.77777777777779 108 6.823087423

900 855 95.0 294 6.564486508

600 573 95.5 264 5.381572434

900 857 95.22222222222221 345 6.692891234

700 665 95.0 368 5.349318686

600 571 95.16666666666667 230 5.101434151

600 577 96.16666666666667 456 5.104139824

700 673 96.14285714285714 73 5.365944948

700 665 95.0 462 5.338200433

384 330 85.9375 532 3.160495922

162 143 88.27160493827161 11 1.266253699

2058 1653 80.32069970845481 265 15.150373302

