1132 889 78.53356890459364 756 10.689197219

996 792 79.51807228915662 87 9.398149366

92 85 92.3913043478261 204 1.590982692

840 640 76.19047619047619 1 8.097047911

400 310 77.5 1 4.393119853

1000 915 91.5 953 15.079863136

1000 920 92.0 746 15.252196872

900 870 96.66666666666667 398 12.475822551

1000 909 90.9 592 15.536323185

900 866 96.22222222222221 499 12.34840407

900 870 96.66666666666667 808 12.456089265

900 894 99.33333333333333 331 12.054542737

900 894 99.33333333333333 337 11.908372787

900 893 99.22222222222223 504 12.174277763

1260 1014 80.47619047619048 242 13.815535553

1260 1023 81.19047619047619 337 13.456932967

1260 1004 79.68253968253968 232 13.600558086

1258 1006 79.96820349761526 804 13.644158408

1258 1019 81.00158982511924 421 13.558036213

1200 991 82.58333333333333 857 14.286743096

1200 1000 83.33333333333334 710 14.788748506

1300 1070 82.3076923076923 273 15.993390693

1300 1055 81.15384615384616 425 16.305872059

1200 998 83.16666666666667 994 15.082387658

1200 989 82.41666666666667 79 14.878763682

800 748 93.5 135 9.884130069

800 751 93.875 532 10.403887195

800 748 93.5 588 10.358231122

800 750 93.75 651 10.453639868

900 837 93.0 630 11.93284199

900 834 92.66666666666666 61 12.022791443

800 750 93.75 87 10.398978213

800 750 93.75 221 10.82727463

800 748 93.5 918 10.141644428

800 754 94.25 510 10.11668953

900 845 93.88888888888889 65 12.471830749

900 840 93.33333333333333 426 11.718340997

900 839 93.22222222222221 113 12.056951896

600 567 94.5 234 8.478925327

900 852 94.66666666666667 37 11.262004334

700 660 94.28571428571428 486 9.474698334

600 560 93.33333333333333 882 8.218022391

600 568 94.66666666666667 445 8.387764513

700 665 95.0 814 9.446987324

700 660 94.28571428571428 99 9.462653839

384 320 83.33333333333334 604 4.903634128

162 145 89.50617283950618 28 1.971641381

2058 1629 79.1545189504373 959 25.463530444

