1132 891 78.71024734982332 99 10.668070943

996 795 79.81927710843374 16 9.684892599

92 88 95.65217391304348 33 1.568910054

840 640 76.19047619047619 1 8.019427588

400 310 77.5 1 4.312973643

1000 921 92.10000000000001 223 15.487556219

1000 917 91.7 152 15.53234904

900 879 97.66666666666667 39 12.273030223

1000 920 92.0 403 16.059913102

900 877 97.44444444444444 930 12.244761014

900 875 97.22222222222221 919 12.667423886

900 897 99.66666666666667 485 12.168964528

900 898 99.77777777777777 535 12.099822032

900 896 99.55555555555556 314 12.316001917

1260 1022 81.11111111111111 327 13.360514547

1260 1022 81.11111111111111 825 13.358812109

1260 1029 81.66666666666667 155 13.714108078

1258 1026 81.55802861685216 474 13.465436284

1258 1024 81.39904610492846 902 13.620174899

1200 990 82.5 406 14.5132225

1200 1005 83.75 780 14.24633023

1300 1084 83.38461538461537 837 15.612441678

1300 1070 82.3076923076923 60 16.450152164

1200 1005 83.75 980 15.00161575

1200 996 83.0 525 14.955902749

800 756 94.5 432 9.781342425

800 755 94.375 457 10.245357763

800 754 94.25 341 10.432042077

800 751 93.875 148 10.425882461

900 846 94.0 270 11.514463172

900 846 94.0 690 11.518859526

800 757 94.625 317 10.422745203

800 755 94.375 618 10.874886742

800 752 94.0 775 10.24244949

800 753 94.125 840 10.196649014

900 850 94.44444444444444 71 11.282806741

900 843 93.66666666666667 674 11.710898689

900 850 94.44444444444444 74 11.29146893

600 570 95.0 626 8.422208663

900 849 94.33333333333334 678 11.3828136

700 664 94.85714285714286 422 9.482798213

600 568 94.66666666666667 295 8.744181207

600 569 94.83333333333334 69 8.58312877

700 662 94.57142857142857 703 9.04626334

700 667 95.28571428571428 455 9.251782619

384 334 86.97916666666666 359 5.041526515

162 143 88.27160493827161 17 2.015905863

2058 1645 79.93197278911565 601 25.519286142

