1132 894 78.97526501766784 466 10.487072725

996 796 79.91967871485943 88 9.507623059

92 88 95.65217391304348 236 1.575054784

840 638 75.95238095238095 1 8.348588629

400 309 77.25 1 4.615386442

1000 937 93.7 993 15.384557306

1000 935 93.5 795 16.038541773

900 891 99.0 515 12.17854699

1000 928 92.80000000000001 87 15.487726283

900 884 98.22222222222223 894 12.739050715

900 878 97.55555555555556 334 12.712887105

900 897 99.66666666666667 60 11.874684774

900 899 99.8888888888889 793 12.107679874

900 899 99.8888888888889 173 11.992267528

1260 1060 84.12698412698413 863 13.61624817

1260 1061 84.2063492063492 824 13.51731818

1260 1059 84.04761904761905 513 13.65350832

1258 1056 83.94276629570747 394 14.078822193

1258 1065 84.65818759936407 678 13.199391252

1200 1020 85.0 329 14.555997104

1200 1020 85.0 841 14.58937296

1300 1096 84.3076923076923 786 16.156478696

1300 1098 84.46153846153847 364 16.150877591

1200 1037 86.41666666666666 724 15.539852269

1200 1020 85.0 392 15.930370132

800 763 95.375 202 10.144435089

800 763 95.375 476 10.288932523

800 758 94.75 98 10.173963696

800 759 94.875 536 10.036637128

900 849 94.33333333333334 624 11.362044152

900 851 94.55555555555556 228 11.44733551

800 763 95.375 871 10.255110993

800 769 96.125 998 10.11986546

800 758 94.75 565 10.414043089

800 757 94.625 630 9.98951355

900 854 94.88888888888889 667 11.27610425

900 850 94.44444444444444 185 11.327375961

900 856 95.11111111111111 426 11.251156798

600 575 95.83333333333334 781 8.462641736

900 861 95.66666666666667 68 11.483127132

700 674 96.28571428571429 685 9.106380555

600 577 96.16666666666667 489 8.287142306

600 578 96.33333333333334 261 8.579660494

700 674 96.28571428571429 191 9.092463021

700 678 96.85714285714285 143 9.326651743

384 340 88.54166666666666 256 4.932369708

162 145 89.50617283950618 6 2.282714339

2058 1687 81.97278911564626 576 26.339318636

