1132 890 78.62190812720848 136 6.279742923

996 785 78.81526104417671 444 5.85254261

92 86 93.47826086956522 53 1.241169037

840 640 76.19047619047619 1 5.083283935

400 307 76.75 1 2.548242819

1000 911 91.10000000000001 286 9.385773564

1000 920 92.0 888 9.268884471

900 873 97.0 699 7.411808713

1000 907 90.7 49 9.735209877

900 867 96.33333333333334 391 7.522232711

900 868 96.44444444444444 387 7.195471199

900 895 99.44444444444444 652 7.248178977

900 892 99.11111111111111 742 6.865042729

900 890 98.88888888888889 655 7.121209838

1260 1003 79.6031746031746 329 8.132815206

1260 1000 79.36507936507937 457 7.993468663

1260 1014 80.47619047619048 285 8.026136904

1258 1024 81.39904610492846 789 7.939590332

1258 1008 80.12718600953896 329 7.975921363

1200 986 82.16666666666667 312 8.563871914

1200 989 82.41666666666667 206 8.519102768

1300 1065 81.92307692307692 807 9.255045087

1300 1080 83.07692307692308 487 9.07770223

1200 992 82.66666666666667 122 8.964026617

1200 992 82.66666666666667 961 8.736533043

800 753 94.125 113 5.764595171

800 748 93.5 159 6.128840697

800 752 94.0 840 6.250707604

800 745 93.125 256 5.946707951

900 835 92.77777777777779 944 6.633349308

900 836 92.88888888888889 695 7.030405508

800 744 93.0 927 5.827013196

800 748 93.5 181 6.080727335

800 749 93.625 108 5.95109618

800 746 93.25 641 5.889579475

900 842 93.55555555555556 849 6.849711768

900 841 93.44444444444444 774 6.690828165

900 842 93.55555555555556 916 6.553438838

600 556 92.66666666666666 429 5.318240284

900 832 92.44444444444444 740 7.103018358

700 655 93.57142857142857 796 5.78128294

600 561 93.5 118 4.87304683

600 567 94.5 301 4.993936485

700 659 94.14285714285714 514 5.864746023

700 650 92.85714285714286 349 5.362563298

384 322 83.85416666666666 338 2.847061594

162 143 88.27160493827161 7 1.208308185

2058 1627 79.05733722060253 406 15.824603493

