1132 869 76.76678445229682 581 16.00120409

996 743 74.59839357429718 167 13.337971646

92 73 79.34782608695652 719 2.115853838

840 636 75.71428571428571 1 11.163829067

400 301 75.25 2 6.40735752

1000 885 88.5 34 23.007902254

1000 885 88.5 736 22.505423629

900 849 94.33333333333334 456 18.084954299

1000 881 88.1 213 22.454170182

900 847 94.11111111111111 185 18.336876985

900 847 94.11111111111111 728 17.573600541

900 878 97.55555555555556 479 17.175888679

900 879 97.66666666666667 537 17.655686369

900 874 97.11111111111111 692 17.009682236

1260 959 76.11111111111111 622 20.379451018

1260 932 73.96825396825398 633 20.023905727

1260 969 76.90476190476191 309 19.377410697

1258 976 77.58346581875993 849 19.278221863

1258 976 77.58346581875993 409 19.576505535

1200 947 78.91666666666667 430 20.687004081

1200 944 78.66666666666666 53 20.361709075

1300 996 76.61538461538461 192 22.57911349

1300 1004 77.23076923076924 269 23.064831836

1200 928 77.33333333333333 672 23.035453592

1200 935 77.91666666666667 267 21.711794829

800 725 90.625 739 15.165508754

800 723 90.375 119 14.73783855

800 724 90.5 149 14.749230862

800 711 88.875 193 14.566282414

900 807 89.66666666666666 656 16.485312571

900 796 88.44444444444444 460 16.441917029

800 708 88.5 222 15.096811626

800 714 89.25 13 15.31899508

800 726 90.75 667 15.074972248

800 721 90.125 17 14.586957057

900 799 88.77777777777777 794 17.134198923

900 820 91.11111111111111 600 16.602301264

900 810 90.0 489 16.658065983

600 553 92.16666666666666 106 12.650811804

900 817 90.77777777777779 660 16.409554911

700 613 87.57142857142857 664 13.82126746

600 550 91.66666666666666 925 11.582296838

600 532 88.66666666666667 62 12.92124457

700 629 89.85714285714286 962 13.975045069

700 634 90.57142857142857 349 13.281926042

384 316 82.29166666666666 308 7.69640987

162 119 73.4567901234568 250 2.76371856

2058 1567 76.1418853255588 19 37.361188311

