1132 892 78.79858657243817 50 6.265643667

996 796 79.91967871485943 27 5.494468069

92 88 95.65217391304348 13 1.052006897

840 640 76.19047619047619 1 4.821322001

400 307 76.75 3 2.807398028

1000 920 92.0 397 9.054764272

1000 920 92.0 530 8.999182976

900 877 97.44444444444444 700 7.2486526

1000 927 92.7 150 9.083467719

900 880 97.77777777777777 795 7.331295845

900 877 97.44444444444444 296 7.325732786

900 895 99.44444444444444 545 7.37344477

900 899 99.8888888888889 447 7.097855374

900 898 99.77777777777777 23 7.031648804

1260 1043 82.77777777777777 882 8.329700837

1260 1049 83.25396825396825 910 7.84634669

1260 1039 82.46031746031746 388 7.819851938

1258 1028 81.71701112877582 219 7.888976471

1258 1031 81.95548489666137 585 8.704015265

1200 1018 84.83333333333334 496 8.246862005

1200 1023 85.25 231 8.259843214

1300 1095 84.23076923076923 952 9.062346998

1300 1084 83.38461538461537 327 9.67745003

1200 1017 84.75 269 8.891299674

1200 1004 83.66666666666667 736 8.888723321

800 759 94.875 602 5.849488853

800 754 94.25 287 6.205621092

800 757 94.625 850 5.740698722

800 759 94.875 141 5.88914689

900 850 94.44444444444444 89 6.780036463

900 846 94.0 31 6.576694096

800 756 94.5 396 6.144992496

800 762 95.25 941 6.000863218

800 749 93.625 908 5.872468443

800 756 94.5 854 5.811273775

900 849 94.33333333333334 226 6.869910959

900 849 94.33333333333334 224 6.713109227

900 850 94.44444444444444 691 6.5359513

600 573 95.5 650 5.191148124

900 858 95.33333333333334 545 6.579911365

700 670 95.71428571428572 968 5.335214237

600 574 95.66666666666667 894 4.680879913

600 577 96.16666666666667 198 4.883252857

700 678 96.85714285714285 925 5.363976394

700 669 95.57142857142857 820 5.392183833

384 335 87.23958333333334 904 2.747479896

162 143 88.27160493827161 725 1.249901891

2058 1663 80.80660835762876 866 15.332302272

