1132 886 78.26855123674912 294 15.18854094

996 792 79.51807228915662 140 13.390791119

92 86 93.47826086956522 39 2.335437588

840 640 76.19047619047619 1 11.226399556

400 309 77.25 1 5.924582411

1000 922 92.2 998 22.85736176

1000 912 91.2 184 22.639916005

900 873 97.0 623 17.604063589

1000 914 91.4 40 21.649357073

900 877 97.44444444444444 64 17.613815831

900 869 96.55555555555554 85 17.793489562

900 896 99.55555555555556 113 16.967926536

900 893 99.22222222222223 337 18.303608462

900 891 99.0 781 16.866138511

1260 1012 80.31746031746032 663 18.581500966

1260 1010 80.15873015873017 267 19.537938742

1260 1024 81.26984126984127 380 19.814960501

1258 999 79.41176470588235 308 19.966841282

1258 1003 79.72972972972973 281 19.232891259

1200 1001 83.41666666666666 174 20.592646114

1200 1013 84.41666666666666 189 20.359892371

1300 1075 82.6923076923077 331 23.849558429

1300 1060 81.53846153846153 531 23.502950354

1200 1007 83.91666666666666 698 21.376684112

1200 991 82.58333333333333 252 21.048933781

800 755 94.375 929 14.35556327

800 749 93.625 588 14.56040976

800 751 93.875 616 14.348193695

800 748 93.5 125 14.397747841

900 847 94.11111111111111 509 16.38872725

900 846 94.0 90 16.521253168

800 752 94.0 605 14.68011477

800 748 93.5 580 14.285406146

800 745 93.125 236 14.379337152

800 739 92.375 99 14.373938001

900 839 93.22222222222221 512 16.092328914

900 847 94.11111111111111 961 16.137476293

900 842 93.55555555555556 310 16.250067445

600 564 94.0 480 12.602381201

900 841 93.44444444444444 329 16.735762003

700 652 93.14285714285714 717 13.219739506

600 568 94.66666666666667 78 11.987013812

600 568 94.66666666666667 572 12.446760561

700 657 93.85714285714286 703 14.146634045

700 656 93.71428571428572 668 13.81971232

384 330 85.9375 140 7.038594052

162 143 88.27160493827161 5 2.876083982

2058 1627 79.05733722060253 972 35.920399724

