1132 869 76.76678445229682 583 6.283021175

996 757 76.00401606425703 75 5.615161799

92 78 84.78260869565217 186 1.057633241

840 638 75.95238095238095 1 4.765862654

400 306 76.5 1 2.890723854

1000 893 89.3 213 9.157035045

1000 907 90.7 634 9.299351217

900 845 93.88888888888889 529 7.263898901

1000 877 87.7 363 9.09572151

900 860 95.55555555555556 335 7.108567203

900 852 94.66666666666667 67 7.326529356

900 883 98.11111111111111 657 6.978194118

900 880 97.77777777777777 291 6.932454624

900 876 97.33333333333334 608 6.922537921

1260 987 78.33333333333333 9 8.323614148

1260 994 78.88888888888889 213 7.716813808

1260 980 77.77777777777779 44 7.95598645

1258 974 77.42448330683625 632 8.122773338

1258 976 77.58346581875993 13 8.023863197

1200 924 77.0 880 8.382794257

1200 943 78.58333333333334 756 8.313621239

1300 1028 79.07692307692308 899 9.32879916

1300 1007 77.46153846153845 89 9.284089615

1200 939 78.25 859 8.883918713

1200 958 79.83333333333333 50 8.939266168

800 706 88.25 342 5.922613501

800 717 89.625 666 5.997000724

800 732 91.5 816 5.993414047

800 734 91.75 807 5.955852614

900 826 91.77777777777779 844 6.887682147

900 815 90.55555555555556 693 6.6627671

800 727 90.875 607 6.426586206

800 723 90.375 722 6.706346033

800 720 90.0 328 6.088185962

800 719 89.875 714 6.163287097

900 810 90.0 992 6.805488595

900 812 90.22222222222223 362 6.86098615

900 810 90.0 660 7.184503185

600 553 92.16666666666666 556 5.093472059

900 820 91.11111111111111 483 6.563375246

700 637 91.0 197 5.4483095

600 556 92.66666666666666 493 5.177915771

600 549 91.5 105 5.187403649

700 630 90.0 632 5.628139636

700 637 91.0 160 5.387407451

384 312 81.25 483 3.121161804

162 130 80.24691358024691 206 1.297694873

2058 1581 76.82215743440233 246 15.302226988

