1132 883 78.00353356890459 326 10.491349155

996 792 79.51807228915662 132 9.325546586

92 83 90.21739130434783 76 1.704299386

840 638 75.95238095238095 1 8.199518511

400 310 77.5 1 4.284760536

1000 908 90.8 77 15.414393687

1000 913 91.3 365 16.494029692

900 868 96.44444444444444 457 12.400739995

1000 917 91.7 527 15.698007462

900 867 96.33333333333334 133 12.584181162

900 873 97.0 37 12.817720813

900 898 99.77777777777777 474 12.573839517

900 892 99.11111111111111 891 11.981634158

900 892 99.11111111111111 66 12.368540358

1260 1007 79.92063492063492 269 14.566858377

1260 1004 79.68253968253968 386 14.389016067

1260 997 79.12698412698413 145 13.863283566

1258 1014 80.60413354531002 994 13.351059127

1258 1018 80.9220985691574 558 13.690877415

1200 987 82.25 509 15.153709108

1200 997 83.08333333333333 542 14.357169199

1300 1080 83.07692307692308 228 16.501935583

1300 1065 81.92307692307692 953 16.762363259

1200 998 83.16666666666667 85 15.82305918

1200 983 81.91666666666667 744 15.762034391

800 744 93.0 75 10.636530392

800 746 93.25 728 10.818790655

800 749 93.625 160 10.029007245

800 738 92.25 111 10.91423125

900 844 93.77777777777779 366 11.857255706

900 835 92.77777777777779 693 11.89132418

800 749 93.625 644 10.175117214

800 755 94.375 252 10.861066368

800 747 93.375 781 10.518187259

800 750 93.75 838 10.51370237

900 845 93.88888888888889 514 11.476248997

900 841 93.44444444444444 867 11.437723997

900 847 94.11111111111111 807 11.327748686

600 573 95.5 501 8.456872697

900 846 94.0 496 11.401270094

700 666 95.14285714285714 525 9.656249972

600 567 94.5 669 8.711008631

600 568 94.66666666666667 362 8.511211737

700 657 93.85714285714286 487 9.275616774

700 666 95.14285714285714 171 9.423046645

384 326 84.89583333333334 102 4.849749534

162 145 89.50617283950618 5 2.171780217

2058 1641 79.73760932944607 233 25.653796241

