1132 891 78.71024734982332 240 6.2094693

996 793 79.61847389558233 38 5.6609961

92 88 95.65217391304348 27 1.053387735

840 638 75.95238095238095 1 4.928484249

400 307 76.75 1 2.614106411

1000 920 92.0 213 9.042686821

1000 920 92.0 182 9.167081788

900 877 97.44444444444444 901 7.229080578

1000 920 92.0 619 9.458407261

900 887 98.55555555555556 904 7.073310085

900 878 97.55555555555556 199 7.652476273

900 893 99.22222222222223 672 6.856914991

900 896 99.55555555555556 131 6.980738107

900 895 99.44444444444444 908 6.829372671

1260 1043 82.77777777777777 438 7.910915103

1260 1037 82.3015873015873 437 7.899226953

1260 1036 82.22222222222221 494 7.982044446

1258 1031 81.95548489666137 541 7.682569904

1258 1037 82.43243243243244 421 7.854640355

1200 996 83.0 552 8.484571663

1200 1008 84.0 638 8.294518011

1300 1091 83.92307692307692 500 9.175985931

1300 1075 82.6923076923077 666 9.124329691

1200 1001 83.41666666666666 54 9.280237935

1200 989 82.41666666666667 68 8.666717458

800 762 95.25 873 6.043918601

800 757 94.625 535 5.939210691

800 755 94.375 253 5.936230007

800 751 93.875 470 5.883394958

900 848 94.22222222222221 74 6.673240868

900 845 93.88888888888889 257 6.644570603

800 762 95.25 453 6.440346315

800 753 94.125 439 5.953986628

800 749 93.625 155 5.922260593

800 759 94.875 963 5.885243509

900 837 93.0 204 6.53177301

900 847 94.11111111111111 213 6.761322604

900 852 94.66666666666667 76 6.524466565

600 571 95.16666666666667 992 4.97716583

900 852 94.66666666666667 905 6.607374561

700 665 95.0 596 5.912811162

600 573 95.5 224 4.927572782

600 577 96.16666666666667 338 5.044772019

700 667 95.28571428571428 357 5.694540371

700 658 94.0 840 5.78744201

384 338 88.02083333333334 865 2.961346145

162 145 89.50617283950618 20 1.268043893

2058 1677 81.4868804664723 516 15.588604258

