1132 873 77.12014134275618 415 15.262774521

996 770 77.30923694779116 21 13.68842047

92 81 88.04347826086956 237 2.133444836

840 640 76.19047619047619 1 11.552585924

400 310 77.5 1 6.157841438

1000 902 90.2 447 21.50746171

1000 910 91.0 184 21.514400049

900 851 94.55555555555556 214 17.449367923

1000 903 90.3 422 22.553412644

900 859 95.44444444444444 129 17.63277361

900 867 96.33333333333334 730 17.549102689

900 876 97.33333333333334 816 17.483106949

900 884 98.22222222222223 596 17.137606257

900 885 98.33333333333333 407 16.948680225

1260 1008 80.0 894 19.25283775

1260 992 78.73015873015873 675 19.976049423

1260 990 78.57142857142857 673 19.694716602

1258 986 78.37837837837837 903 19.363992072

1258 982 78.060413354531 962 19.052149484

1200 981 81.75 449 20.617083569

1200 986 82.16666666666667 315 20.308561824

1300 1018 78.3076923076923 631 22.555216182

1300 1041 80.07692307692308 798 22.613896328

1200 981 81.75 613 21.401145533

1200 961 80.08333333333333 68 21.165750681

800 731 91.375 814 14.32195671

800 735 91.875 325 14.45125923

800 743 92.875 957 14.340436842

800 725 90.625 376 14.202524519

900 836 92.88888888888889 733 16.151567742

900 821 91.22222222222223 925 16.454678723

800 729 91.125 989 14.518193938

800 741 92.625 586 14.353519423

800 738 92.25 378 14.79108718

800 735 91.875 515 14.816238915

900 818 90.88888888888889 212 16.693035589

900 826 91.77777777777779 825 16.414712614

900 823 91.44444444444444 307 15.986992652

600 562 93.66666666666667 552 12.357327651

900 825 91.66666666666666 359 16.52430714

700 655 93.57142857142857 40 13.252274518

600 545 90.83333333333333 579 11.730665409

600 556 92.66666666666666 112 12.374228892

700 646 92.28571428571428 845 13.266061068

700 647 92.42857142857143 738 12.936060599

384 316 82.29166666666666 422 7.264595414

162 139 85.80246913580247 30 2.87754736

2058 1621 78.76579203109816 768 36.325250166

