1132 890 78.62190812720848 24 14.60199834

996 789 79.21686746987952 28 13.442842052

92 88 95.65217391304348 363 2.146442299

840 638 75.95238095238095 1 11.231824762

400 310 77.5 1 5.972435563

1000 928 92.80000000000001 117 21.352872737

1000 924 92.4 383 21.707994235

900 877 97.44444444444444 943 17.442758016

1000 922 92.2 234 23.515977674

900 880 97.77777777777777 766 17.497107303

900 878 97.55555555555556 693 17.33234808

900 897 99.66666666666667 34 17.161166307

900 898 99.77777777777777 155 17.566264361

900 895 99.44444444444444 231 16.743506531

1260 1033 81.98412698412699 341 18.615075612

1260 1036 82.22222222222221 461 18.550573471

1260 1039 82.46031746031746 623 18.764993217

1258 1035 82.27344992050874 196 19.347180042

1258 1033 82.11446740858506 126 19.150258064

1200 1007 83.91666666666666 851 20.279914947

1200 1015 84.58333333333333 73 20.98798459

1300 1096 84.3076923076923 446 21.912464718

1300 1075 82.6923076923077 219 22.107879179

1200 1013 84.41666666666666 93 21.121534037

1200 1004 83.66666666666667 381 21.367472291

800 759 94.875 482 13.917607551

800 756 94.5 43 14.327354293

800 758 94.75 247 14.441460757

800 758 94.75 277 14.191392963

900 853 94.77777777777779 578 15.992966878

900 850 94.44444444444444 418 15.980939446

800 760 95.0 914 14.438581603

800 763 95.375 386 15.049033066

800 758 94.75 232 14.234898752

800 759 94.875 757 14.088763361

900 850 94.44444444444444 807 15.907455135

900 849 94.33333333333334 490 16.941490025

900 851 94.55555555555556 307 16.025215873

600 578 96.33333333333334 674 11.817094661

900 855 95.0 183 16.029006194

700 670 95.71428571428572 563 13.299175951

600 570 95.0 693 11.367807248

600 573 95.5 530 12.056432253

700 668 95.42857142857143 557 13.298277852

700 666 95.14285714285714 502 13.030650069

384 338 88.02083333333334 640 6.859357736

162 143 88.27160493827161 346 2.823851454

2058 1650 80.17492711370262 136 35.747686492

