1132 863 76.23674911660777 798 15.523053582

996 774 77.71084337349397 849 13.130894813

92 74 80.43478260869566 108 2.164317777

840 628 74.76190476190476 1 11.461432014

400 304 76.0 1 6.050274187

1000 899 89.9 639 21.795915113

1000 903 90.3 636 21.786831733

900 853 94.77777777777779 121 17.641232314

1000 898 89.8 95 21.809442882

900 849 94.33333333333334 308 18.02528709

900 850 94.44444444444444 666 17.656557865

900 877 97.44444444444444 678 16.865125354

900 879 97.66666666666667 371 17.19284534

900 885 98.33333333333333 864 17.413166892

1260 957 75.95238095238095 623 19.111444841

1260 981 77.85714285714286 895 19.601116214

1260 962 76.34920634920634 726 18.737215474

1258 991 78.7758346581876 567 19.4486816

1258 972 77.26550079491255 341 19.388357417

1200 960 80.0 868 20.769049437

1200 971 80.91666666666667 206 20.632170215

1300 1019 78.38461538461539 583 22.360256275

1300 1032 79.38461538461539 745 22.535273059

1200 970 80.83333333333333 477 21.627929447

1200 957 79.75 802 22.265067583

800 735 91.875 777 14.687921378

800 725 90.625 150 14.435389098

800 726 90.75 236 14.427634002

800 734 91.75 906 14.672433831

900 834 92.66666666666666 29 16.348562297

900 803 89.22222222222223 524 16.23993647

800 734 91.75 97 14.601920269

800 737 92.125 615 14.419406866

800 728 91.0 95 14.731544918

800 725 90.625 154 14.712854731

900 806 89.55555555555556 639 16.576033199

900 806 89.55555555555556 625 16.443315698

900 804 89.33333333333333 428 16.34625492

600 550 91.66666666666666 80 12.199394679

900 842 93.55555555555556 337 16.241332835

700 634 90.57142857142857 108 13.246001665

600 542 90.33333333333333 421 12.097367228

600 535 89.16666666666667 577 12.292567039

700 636 90.85714285714286 215 13.808314156

700 635 90.71428571428571 190 13.154894728

384 302 78.64583333333334 26 6.547134139

162 141 87.03703703703704 159 2.716295958

2058 1558 75.70456754130224 238 36.4207565

