1132 885 78.18021201413427 221 10.843967671

996 789 79.21686746987952 276 9.620567951

92 82 89.13043478260869 164 1.584268625

840 638 75.95238095238095 1 8.412397763

400 310 77.5 1 4.299869683

1000 901 90.10000000000001 225 16.033375132

1000 908 90.8 253 16.532783202

900 869 96.55555555555554 389 12.799266425

1000 905 90.5 611 16.085765145

900 870 96.66666666666667 42 12.358996392

900 862 95.77777777777777 115 12.727157215

900 895 99.44444444444444 107 12.140032887

900 894 99.33333333333333 317 12.542802073

900 886 98.44444444444444 690 12.582233509

1260 1012 80.31746031746032 73 14.01357985

1260 1010 80.15873015873017 640 13.804502122

1260 1017 80.71428571428572 461 13.683724375

1258 1024 81.39904610492846 24 13.793014374

1258 1011 80.36565977742448 721 14.044011233

1200 991 82.58333333333333 756 15.121783296

1200 995 82.91666666666667 351 14.685492421

1300 1077 82.84615384615385 508 16.310461898

1300 1057 81.3076923076923 964 15.862997406

1200 999 83.25 65 15.028628393

1200 970 80.83333333333333 670 15.893487994

800 747 93.375 26 10.764046524

800 747 93.375 813 10.726523357

800 747 93.375 779 10.356199801

800 754 94.25 116 10.245204796

900 843 93.66666666666667 446 11.31531419

900 835 92.77777777777779 969 11.452957235

800 747 93.375 418 10.5302804

800 749 93.625 431 10.743850028

800 743 92.875 271 10.512019119

800 745 93.125 659 10.469805551

900 826 91.77777777777779 140 11.99031334

900 844 93.77777777777779 987 11.471946785

900 841 93.44444444444444 26 12.53669526

600 565 94.16666666666667 743 8.980292631

900 841 93.44444444444444 373 12.078305095

700 652 93.14285714285714 792 9.748573872

600 562 93.66666666666667 252 8.277570715

600 569 94.83333333333334 565 8.857735916

700 657 93.85714285714286 344 9.975440882

700 650 92.85714285714286 382 9.927863895

384 326 84.89583333333334 666 5.234917562

162 145 89.50617283950618 79 2.046673238

2058 1612 78.3284742468416 146 26.104490711

