1132 894 78.97526501766784 25 10.493681435

996 795 79.81927710843374 16 9.114759075

92 88 95.65217391304348 57 1.541980081

840 640 76.19047619047619 1 8.126262838

400 307 76.75 1 4.399154758

1000 919 91.9 989 15.203294136

1000 918 91.8 788 15.239991325

900 880 97.77777777777777 293 12.931718879

1000 927 92.7 854 16.286906632

900 879 97.66666666666667 488 12.259043519

900 881 97.88888888888889 201 12.754471235

900 896 99.55555555555556 535 12.115173935

900 896 99.55555555555556 31 12.75147797

900 895 99.44444444444444 45 11.803709991

1260 1039 82.46031746031746 247 13.250567302

1260 1031 81.82539682539682 690 13.424742056

1260 1036 82.22222222222221 899 13.06498634

1258 1035 82.27344992050874 570 13.989211444

1258 1032 82.0349761526232 494 13.261985679

1200 1003 83.58333333333333 499 14.113130863

1200 1010 84.16666666666667 394 14.992700008

1300 1089 83.76923076923077 993 15.643481663

1300 1079 83.0 111 16.002939777

1200 1010 84.16666666666667 373 15.097334492

1200 1007 83.91666666666666 288 14.893884185

800 756 94.5 496 10.113910773

800 761 95.125 185 10.21894307

800 757 94.625 849 9.821083197

800 753 94.125 351 9.896688022

900 851 94.55555555555556 718 11.280965011

900 849 94.33333333333334 334 11.383289411

800 756 94.5 118 10.461006318

800 755 94.375 700 10.107408283

800 760 95.0 288 10.38210608

800 754 94.25 859 9.875953028

900 851 94.55555555555556 392 11.510554008

900 847 94.11111111111111 688 11.985818426

900 852 94.66666666666667 781 11.480209602

600 575 95.83333333333334 290 8.613835265

900 858 95.33333333333334 414 11.264711619

700 668 95.42857142857143 55 9.289332068

600 574 95.66666666666667 396 8.528305916

600 577 96.16666666666667 406 8.37507936

700 668 95.42857142857143 721 9.329647813

700 664 94.85714285714286 182 9.630889281

384 333 86.71875 682 4.916365224

162 145 89.50617283950618 6 2.030290255

2058 1637 79.54324586977648 819 25.266768373

