1132 894 78.97526501766784 109 15.124274418

996 795 79.81927710843374 58 13.401874159

92 86 93.47826086956522 166 2.277230656

840 640 76.19047619047619 1 11.574027731

400 310 77.5 1 5.927152137

1000 902 90.2 105 22.290356794

1000 910 91.0 782 22.098208643

900 873 97.0 33 17.501688363

1000 905 90.5 521 22.185105667

900 869 96.55555555555554 501 17.899280321

900 873 97.0 747 17.452299902

900 893 99.22222222222223 350 16.950194236

900 893 99.22222222222223 327 17.144470016

900 895 99.44444444444444 587 16.98645285

1260 1019 80.87301587301587 711 19.136807515

1260 1023 81.19047619047619 620 19.032109025

1260 1015 80.55555555555556 317 18.732838915

1258 1021 81.16057233704292 119 18.674353365

1258 1023 81.31955484896662 458 19.098510403

1200 978 81.5 58 20.246732522

1200 1005 83.75 269 20.746609027

1300 1068 82.15384615384616 81 22.227000842

1300 1065 81.92307692307692 983 22.559760172

1200 1020 85.0 220 20.840931546

1200 1002 83.5 531 22.502288355

800 752 94.0 649 14.649936075

800 742 92.75 625 14.946121588

800 758 94.75 504 14.738097155

800 751 93.875 114 14.858948769

900 845 93.88888888888889 241 17.452172598

900 835 92.77777777777779 532 16.518611252

800 755 94.375 237 15.107163739

800 752 94.0 947 14.853682464

800 748 93.5 243 14.744863876

800 755 94.375 99 14.371633056

900 846 94.0 761 16.375048326

900 837 93.0 528 17.045246164

900 844 93.77777777777779 729 16.649541882

600 573 95.5 323 12.008548718

900 851 94.55555555555556 576 16.003394656

700 651 93.0 579 14.104757197

600 556 92.66666666666666 41 11.34134108

600 560 93.33333333333333 190 12.828937109

700 663 94.71428571428572 219 13.425696265

700 655 93.57142857142857 791 13.07455221

384 332 86.45833333333334 332 6.822369194

162 143 88.27160493827161 27 3.116804349

2058 1639 79.64042759961127 416 36.420432006

