1132 892 78.79858657243817 19 10.708546746

996 796 79.91967871485943 154 10.041657255

92 88 95.65217391304348 9 1.613836277

840 638 75.95238095238095 1 8.604200258

400 310 77.5 1 4.401406965

1000 933 93.30000000000001 401 15.693605811

1000 935 93.5 800 15.634640277

900 882 98.0 103 12.638293352

1000 935 93.5 363 15.713179189

900 881 97.88888888888889 426 12.622831861

900 893 99.22222222222223 998 12.602557056

900 898 99.77777777777777 531 12.111158194

900 896 99.55555555555556 39 11.85186428

900 899 99.8888888888889 33 12.155079862

1260 1068 84.76190476190476 330 13.569915682

1260 1047 83.0952380952381 807 13.018263346

1260 1054 83.65079365079366 70 14.028297244

1258 1055 83.86327503974563 863 13.156605313

1258 1061 84.34022257551669 588 13.382277102

1200 1011 84.25 241 14.268303356

1200 1029 85.75 356 14.540521509

1300 1106 85.07692307692307 254 15.696088512

1300 1084 83.38461538461537 960 15.765395492

1200 1027 85.58333333333333 789 14.968401103

1200 1025 85.41666666666666 568 15.504454746

800 762 95.25 472 10.158207902

800 757 94.625 137 10.138029422

800 761 95.125 482 10.445228987

800 762 95.25 170 10.532438087

900 855 95.0 63 11.35930597

900 847 94.11111111111111 85 12.024312503

800 756 94.5 328 10.427681522

800 767 95.875 353 10.365420025

800 766 95.75 388 10.066236092

800 762 95.25 823 10.163816515

900 857 95.22222222222221 766 11.391737357

900 854 94.88888888888889 138 11.641569173

900 860 95.55555555555556 674 11.124259265

600 575 95.83333333333334 739 8.318328819

900 857 95.22222222222221 800 11.136285466

700 677 96.71428571428572 494 9.07981326

600 579 96.5 167 8.068513515

600 581 96.83333333333334 261 9.033576356

700 670 95.71428571428572 178 9.738394544

700 677 96.71428571428572 970 9.237780546

384 344 89.58333333333334 418 5.311619216

162 143 88.27160493827161 8 2.009458684

2058 1673 81.29251700680273 241 25.519768362

