1132 891 78.71024734982332 22 15.751063874

996 796 79.91967871485943 698 13.094801031

92 88 95.65217391304348 251 2.106373641

840 640 76.19047619047619 1 11.446564521

400 310 77.5 1 5.966094483

1000 930 93.0 194 21.772316502

1000 934 93.4 171 22.41967782

900 880 97.77777777777777 720 17.377959571

1000 925 92.5 188 21.975953576

900 882 98.0 576 17.8479375

900 886 98.44444444444444 883 17.248779864

900 900 100.0 871 16.701694475

900 897 99.66666666666667 480 16.731690312

900 899 99.8888888888889 973 16.907651224

1260 1047 83.0952380952381 443 18.807620217

1260 1035 82.14285714285714 734 19.195202978

1260 1040 82.53968253968253 639 19.283593354

1258 1050 83.46581875993641 679 18.735096414

1258 1047 83.22734499205087 943 19.316633124

1200 999 83.25 294 20.431784012

1200 1016 84.66666666666667 159 20.500672028

1300 1090 83.84615384615385 473 22.079291213

1300 1083 83.3076923076923 273 22.077217663

1200 1009 84.08333333333333 262 21.721444976

1200 1026 85.5 260 21.066901775

800 752 94.0 522 14.041069542

800 757 94.625 574 14.822898221

800 758 94.75 591 14.101615784

800 763 95.375 886 14.469094632

900 851 94.55555555555556 203 16.051029885

900 848 94.22222222222221 211 16.042882977

800 764 95.5 979 14.25921928

800 759 94.875 890 14.75115282

800 764 95.5 801 14.181968235

800 764 95.5 654 14.179287863

900 846 94.0 853 16.507539929

900 854 94.88888888888889 870 16.314685382

900 854 94.88888888888889 133 16.531679603

600 575 95.83333333333334 349 12.041372429

900 855 95.0 976 16.261221408

700 671 95.85714285714285 67 12.860083353

600 577 96.16666666666667 305 11.352323178

600 580 96.66666666666667 352 11.716967442

700 672 96.0 625 13.069057888

700 666 95.14285714285714 71 12.976407282

384 337 87.76041666666666 212 7.00198797

162 145 89.50617283950618 10 2.706945812

2058 1667 81.00097181729835 567 34.739252095

