1132 893 78.886925795053 140 15.34422592

996 796 79.91967871485943 15 13.038777324

92 88 95.65217391304348 132 2.200406492

840 640 76.19047619047619 1 11.521956579

400 310 77.5 1 5.988524744

1000 935 93.5 128 21.640267109

1000 921 92.10000000000001 595 22.167438174

900 877 97.44444444444444 38 17.279954439

1000 924 92.4 521 21.794142298

900 881 97.88888888888889 560 17.660423606

900 872 96.88888888888889 193 17.471216208

900 898 99.77777777777777 462 17.231342075

900 895 99.44444444444444 254 17.211975369

900 898 99.77777777777777 104 17.218147906

1260 1030 81.74603174603175 156 18.607883919

1260 1029 81.66666666666667 935 19.077390972

1260 1034 82.06349206349206 408 19.101385671

1258 1026 81.55802861685216 523 19.323130416

1258 1028 81.71701112877582 515 18.563690228

1200 1005 83.75 989 20.378535606

1200 1011 84.25 940 20.348869267

1300 1082 83.23076923076923 36 22.092939599

1300 1084 83.38461538461537 77 22.366226494

1200 1018 84.83333333333334 143 21.792128908

1200 999 83.25 59 21.456052704

800 759 94.875 705 14.348196725

800 759 94.875 268 14.299051139

800 759 94.875 444 14.269700194

800 759 94.875 273 14.139243285

900 852 94.66666666666667 278 16.047874826

900 844 93.77777777777779 505 16.470391188

800 756 94.5 134 14.222157318

800 761 95.125 116 14.292196172

800 754 94.25 279 14.673321321

800 753 94.125 894 14.455536277

900 851 94.55555555555556 894 16.31135523

900 851 94.55555555555556 479 16.339107986

900 856 95.11111111111111 982 16.363770732

600 575 95.83333333333334 506 12.35579371

900 857 95.22222222222221 360 16.623934811

700 669 95.57142857142857 212 13.018988581

600 570 95.0 799 11.405815304

600 572 95.33333333333334 285 11.714917597

700 669 95.57142857142857 903 13.454950641

700 664 94.85714285714286 144 13.046327187

384 334 86.97916666666666 251 7.685356812

162 143 88.27160493827161 5 2.714555719

2058 1645 79.93197278911565 67 35.947073492

