1132 893 78.886925795053 85 6.307573545

996 795 79.81927710843374 338 5.438601323

92 88 95.65217391304348 53 0.96722883

840 640 76.19047619047619 1 4.971383012

400 310 77.5 1 2.648764413

1000 922 92.2 302 9.613352407

1000 915 91.5 270 9.093202815

900 872 96.88888888888889 23 7.050781839

1000 921 92.10000000000001 933 9.599387369

900 874 97.11111111111111 63 7.166090825

900 874 97.11111111111111 249 7.263278148

900 895 99.44444444444444 741 7.226678373

900 896 99.55555555555556 102 6.950225858

900 894 99.33333333333333 302 6.940114078

1260 1002 79.52380952380952 515 7.833864863

1260 1015 80.55555555555556 679 8.088323684

1260 1021 81.03174603174604 239 8.454804595

1258 1021 81.16057233704292 603 8.396131258

1258 1033 82.11446740858506 770 7.86483805

1200 997 83.08333333333333 448 8.32699234

1200 1003 83.58333333333333 457 8.290484412

1300 1088 83.6923076923077 103 9.049572993

1300 1069 82.23076923076923 924 9.342412337

1200 1002 83.5 452 8.734650728

1200 1008 84.0 669 8.934469668

800 758 94.75 335 5.870146402

800 757 94.625 401 6.582744724

800 752 94.0 993 6.01922038

800 754 94.25 238 6.051741919

900 851 94.55555555555556 985 7.084609546

900 841 93.44444444444444 819 6.748356629

800 755 94.375 791 5.85859407

800 761 95.125 938 6.387099684

800 751 93.875 378 6.358644655

800 750 93.75 317 6.185839384

900 843 93.66666666666667 842 7.076317242

900 846 94.0 116 6.637088687

900 841 93.44444444444444 50 7.285742211

600 571 95.16666666666667 955 5.079307692

900 850 94.44444444444444 452 6.848575244

700 671 95.85714285714285 417 5.460094596

600 571 95.16666666666667 692 5.015664853

600 572 95.33333333333334 356 5.1373938

700 660 94.28571428571428 812 5.319388448

700 662 94.57142857142857 567 5.265507186

384 328 85.41666666666666 241 2.890449335

162 145 89.50617283950618 7 1.30009751

2058 1631 79.25170068027211 78 15.878297466

