1132 891 78.71024734982332 26 10.791301576

996 796 79.91967871485943 14 9.668106109

92 87 94.56521739130434 49 1.565246843

840 640 76.19047619047619 1 7.982962678

400 310 77.5 1 4.533008761

1000 921 92.10000000000001 723 16.151669674

1000 924 92.4 932 15.235579433

900 876 97.33333333333334 62 12.598043352

1000 923 92.30000000000001 69 15.50980405

900 880 97.77777777777777 334 12.888886469

900 877 97.44444444444444 473 12.586569875

900 895 99.44444444444444 358 12.38040265

900 897 99.66666666666667 234 11.941578033

900 898 99.77777777777777 630 12.074096319

1260 1035 82.14285714285714 703 13.707768446

1260 1030 81.74603174603175 895 13.696490486

1260 1026 81.42857142857143 741 13.914372401

1258 1026 81.55802861685216 871 13.731232864

1258 1035 82.27344992050874 815 13.914953601

1200 996 83.0 514 14.279090724

1200 1015 84.58333333333333 524 14.098525589

1300 1091 83.92307692307692 206 15.58877561

1300 1085 83.46153846153847 434 15.79691014

1200 1019 84.91666666666666 803 14.843593557

1200 1006 83.83333333333334 894 15.002526201

800 756 94.5 612 9.909594824

800 758 94.75 184 10.335009602

800 763 95.375 105 10.54840542

800 755 94.375 472 10.481388916

900 853 94.77777777777779 249 11.490189084

900 841 93.44444444444444 631 11.55636342

800 759 94.875 607 10.408017085

800 760 95.0 100 10.25701545

800 755 94.375 802 10.420230276

800 756 94.5 138 10.169208135

900 852 94.66666666666667 544 11.771639387

900 853 94.77777777777779 451 11.363477686

900 843 93.66666666666667 20 11.15640141

600 571 95.16666666666667 423 8.319426449

900 857 95.22222222222221 495 11.172215185

700 666 95.14285714285714 284 10.038569384

600 574 95.66666666666667 886 8.371294345

600 569 94.83333333333334 313 8.544979942

700 669 95.57142857142857 179 9.477319433

700 667 95.28571428571428 212 9.156099756

384 336 87.5 834 4.727765684

162 145 89.50617283950618 31 1.959745321

2058 1658 80.56365403304179 107 25.620003108

