1132 891 78.71024734982332 8 15.17924916

996 796 79.91967871485943 18 13.442415991

92 88 95.65217391304348 295 2.203799217

840 640 76.19047619047619 1 11.480255506

400 307 76.75 1 5.900070304

1000 922 92.2 741 21.537185504

1000 927 92.7 519 22.630436035

900 879 97.66666666666667 887 17.477747829

1000 917 91.7 791 21.857535067

900 881 97.88888888888889 626 17.301668344

900 876 97.33333333333334 411 17.172166806

900 897 99.66666666666667 121 17.348900628

900 897 99.66666666666667 770 16.919831364

900 896 99.55555555555556 393 16.676807395

1260 1034 82.06349206349206 440 18.916170824

1260 1033 81.98412698412699 304 18.425621798

1260 1033 81.98412698412699 287 19.323163386

1258 1034 82.1939586645469 673 20.015881185

1258 1021 81.16057233704292 256 19.968508825

1200 1002 83.5 847 20.765738549

1200 1015 84.58333333333333 472 20.179954518

1300 1091 83.92307692307692 557 22.02642426

1300 1084 83.38461538461537 301 22.377408347

1200 1012 84.33333333333334 902 20.870646513

1200 1018 84.83333333333334 245 21.370791919

800 759 94.875 410 14.037310172

800 761 95.125 232 14.306758715

800 755 94.375 391 13.949171642

800 756 94.5 716 14.302516965

900 849 94.33333333333334 573 15.974458821

900 845 93.88888888888889 171 15.84762236

800 757 94.625 40 14.476519489

800 768 96.0 70 14.075343703

800 758 94.75 50 14.2684125

800 757 94.625 877 14.805422445

900 855 95.0 303 16.378486609

900 849 94.33333333333334 675 16.390742923

900 849 94.33333333333334 765 15.834575947

600 571 95.16666666666667 202 12.081081264

900 856 95.11111111111111 253 16.056147144

700 674 96.28571428571429 471 13.107187038

600 573 95.5 229 11.516808757

600 574 95.66666666666667 206 11.815947084

700 671 95.85714285714285 886 13.652013996

700 667 95.28571428571428 976 12.787737243

384 336 87.5 669 6.972546993

162 143 88.27160493827161 7 2.688594676

2058 1641 79.73760932944607 786 36.27498956

