1132 892 78.79858657243817 34 10.969106609

996 791 79.41767068273093 184 9.618593748

92 88 95.65217391304348 103 1.583076608

840 632 75.23809523809524 1 8.251726405

400 307 76.75 1 4.261515606

1000 933 93.30000000000001 691 15.633425992

1000 928 92.80000000000001 761 17.038233413

900 877 97.44444444444444 378 12.889035922

1000 920 92.0 771 15.592728868

900 880 97.77777777777777 171 12.370951798

900 878 97.55555555555556 414 12.409612564

900 896 99.55555555555556 79 11.764599106

900 898 99.77777777777777 134 11.900771222

900 899 99.8888888888889 57 11.784124762

1260 1043 82.77777777777777 305 13.277690014

1260 1063 84.36507936507937 171 14.680138207

1260 1035 82.14285714285714 455 13.343026672

1258 1053 83.70429252782195 311 13.173597973

1258 1043 82.9093799682035 400 13.21981119

1200 1014 84.5 82 14.227522555

1200 1020 85.0 507 14.545066593

1300 1103 84.84615384615385 328 15.820847

1300 1087 83.61538461538461 968 15.752418203

1200 1025 85.41666666666666 743 14.898920106

1200 1014 84.5 121 15.048787262

800 762 95.25 705 9.862620495

800 761 95.125 423 10.138065229

800 756 94.5 179 10.306145955

800 758 94.75 152 10.03631094

900 851 94.55555555555556 350 11.244913176

900 847 94.11111111111111 897 11.516340411

800 756 94.5 313 10.895949733

800 763 95.375 730 10.786686374

800 753 94.125 645 10.295867344

800 756 94.5 426 10.022675653

900 856 95.11111111111111 768 11.797956404

900 852 94.66666666666667 388 11.970586568

900 854 94.88888888888889 100 11.155015948

600 578 96.33333333333334 739 8.586498557

900 858 95.33333333333334 607 11.393211003

700 671 95.85714285714285 458 9.522838341

600 578 96.33333333333334 211 8.347195484

600 578 96.33333333333334 108 8.897240755

700 668 95.42857142857143 203 9.238680158

700 669 95.57142857142857 238 9.491908956

384 336 87.5 311 5.086029455

162 145 89.50617283950618 10 1.955169328

2058 1657 80.51506316812439 827 26.288649756

