1132 891 78.71024734982332 33 6.32807456

996 790 79.31726907630522 139 5.512451222

92 86 93.47826086956522 279 1.134637523

840 640 76.19047619047619 1 4.853345778

400 310 77.5 1 2.665823348

1000 920 92.0 284 9.022953155

1000 913 91.3 559 9.068848373

900 873 97.0 621 7.232559116

1000 916 91.60000000000001 525 9.032633506

900 872 96.88888888888889 842 7.482819244

900 880 97.77777777777777 116 7.157854605

900 895 99.44444444444444 387 6.893424372

900 896 99.55555555555556 801 6.965323611

900 895 99.44444444444444 75 7.5019596

1260 1025 81.34920634920636 525 8.012868257

1260 1023 81.19047619047619 997 7.771963502

1260 1012 80.31746031746032 50 7.933013313

1258 1020 81.08108108108108 293 8.128072616

1258 1011 80.36565977742448 850 7.882215769

1200 998 83.16666666666667 610 8.344811921

1200 1005 83.75 522 8.563744626

1300 1079 83.0 439 9.410300873

1300 1070 82.3076923076923 139 9.097110255

1200 998 83.16666666666667 912 8.816499473

1200 1002 83.5 59 8.675977204

800 749 93.625 212 6.116380147

800 755 94.375 388 5.948584657

800 752 94.0 56 6.309458638

800 755 94.375 980 5.966585965

900 838 93.11111111111111 764 6.576527072

900 837 93.0 983 6.607685556

800 753 94.125 188 5.964165078

800 754 94.25 242 6.085837119

800 744 93.0 37 5.819686385

800 755 94.375 669 5.790881447

900 838 93.11111111111111 551 6.583387788

900 844 93.77777777777779 425 7.410740658

900 845 93.88888888888889 823 6.689233721

600 570 95.0 773 5.141907944

900 844 93.77777777777779 309 6.961274089

700 656 93.71428571428572 463 5.535321388

600 565 94.16666666666667 190 5.309733072

600 566 94.33333333333334 724 5.059163099

700 665 95.0 840 5.507723218

700 663 94.71428571428572 599 5.38827497

384 340 88.54166666666666 878 3.00640613

162 145 89.50617283950618 20 1.422051073

2058 1629 79.1545189504373 352 16.557533686

