1132 891 78.71024734982332 458 14.771865768

996 792 79.51807228915662 53 12.850038606

92 86 93.47826086956522 44 2.113246911

840 638 75.95238095238095 1 11.779757754

400 309 77.25 1 5.816828214

1000 922 92.2 337 21.449578863

1000 909 90.9 776 21.50068099

900 870 96.66666666666667 395 18.057786668

1000 921 92.10000000000001 914 22.608236614

900 871 96.77777777777777 918 17.441707021

900 878 97.55555555555556 771 17.774525779

900 896 99.55555555555556 300 16.871118915

900 893 99.22222222222223 265 17.169010766

900 895 99.44444444444444 136 17.207295944

1260 1015 80.55555555555556 226 18.660892331

1260 1017 80.71428571428572 785 19.262657521

1260 1023 81.19047619047619 286 19.120417629

1258 1014 80.60413354531002 991 19.402006121

1258 1008 80.12718600953896 120 19.235707374

1200 994 82.83333333333334 676 20.529047153

1200 999 83.25 157 20.435336229

1300 1067 82.07692307692308 365 22.509961313

1300 1071 82.38461538461539 742 22.754313422

1200 996 83.0 879 21.109040537

1200 997 83.08333333333333 445 21.497739616

800 755 94.375 170 14.341768036

800 747 93.375 304 14.579249309

800 749 93.625 232 14.063031936

800 749 93.625 51 14.320134192

900 846 94.0 121 16.020249383

900 840 93.33333333333333 219 15.870893986

800 756 94.5 233 14.289485373

800 754 94.25 797 14.4074846

800 748 93.5 951 14.266491002

800 752 94.0 636 14.056453338

900 838 93.11111111111111 643 16.536016916

900 838 93.11111111111111 140 16.630486662

900 848 94.22222222222221 448 16.056338204

600 563 93.83333333333333 52 12.102444678

900 849 94.33333333333334 654 16.139071699

700 665 95.0 893 13.089093961

600 563 93.83333333333333 805 11.43454834

600 572 95.33333333333334 410 11.906745654

700 659 94.14285714285714 258 13.041334715

700 667 95.28571428571428 673 13.791594748

384 330 85.9375 95 7.07689069

162 145 89.50617283950618 5 2.809890764

2058 1623 78.86297376093295 194 36.557389828

