1132 892 78.79858657243817 140 14.719461355

996 796 79.91967871485943 23 12.904888623

92 88 95.65217391304348 17 2.090675651

840 640 76.19047619047619 1 11.132484868

400 307 76.75 1 6.24013514

1000 924 92.4 34 22.38171809

1000 922 92.2 168 22.267968911

900 877 97.44444444444444 591 17.337040816

1000 928 92.80000000000001 443 22.141248722

900 876 97.33333333333334 516 17.541338593

900 881 97.88888888888889 995 19.458576271

900 897 99.66666666666667 225 17.384717597

900 897 99.66666666666667 543 17.613681165

900 898 99.77777777777777 97 16.875141581

1260 1057 83.88888888888889 926 19.146549536

1260 1051 83.41269841269842 754 19.623315356

1260 1038 82.38095238095238 636 20.129934107

1258 1042 82.82988871224165 199 19.2861398

1258 1060 84.26073131955485 813 20.00828942

1200 1006 83.83333333333334 241 20.540104077

1200 1013 84.41666666666666 652 21.431009066

1300 1098 84.46153846153847 228 22.461341102

1300 1097 84.38461538461539 379 22.694046764

1200 1015 84.58333333333333 62 22.658265209

1200 1003 83.58333333333333 887 21.022928832

800 756 94.5 947 13.822501649

800 758 94.75 353 14.544887679

800 758 94.75 678 14.090834545

800 763 95.375 191 14.559245639

900 853 94.77777777777779 134 16.585093533

900 850 94.44444444444444 293 16.4503655

800 764 95.5 418 14.661714398

800 762 95.25 106 14.704784896

800 750 93.75 194 14.853726201

800 756 94.5 429 14.612539121

900 851 94.55555555555556 277 15.965993618

900 843 93.66666666666667 154 16.22866675

900 852 94.66666666666667 653 16.20867627

600 577 96.16666666666667 266 12.064077993

900 858 95.33333333333334 694 15.914769051

700 674 96.28571428571429 162 13.567773535

600 579 96.5 350 11.452556577

600 577 96.16666666666667 174 12.10287431

700 675 96.42857142857143 335 12.850016431

700 671 95.85714285714285 115 13.054656808

384 336 87.5 370 6.639090846

162 145 89.50617283950618 6 2.696747198

2058 1663 80.80660835762876 877 35.993708118

