1132 894 78.97526501766784 124 14.689705196

996 796 79.91967871485943 22 13.019310277

92 88 95.65217391304348 7 2.254698871

840 634 75.47619047619048 1 11.278479431

400 310 77.5 1 5.92573526

1000 927 92.7 309 21.613707462

1000 923 92.30000000000001 347 21.762753714

900 878 97.55555555555556 516 17.649198238

1000 921 92.10000000000001 573 21.882931372

900 882 98.0 226 17.594093674

900 882 98.0 746 17.514773342

900 898 99.77777777777777 923 16.874058401

900 896 99.55555555555556 245 17.117850361

900 897 99.66666666666667 133 17.007691337

1260 1028 81.58730158730158 66 18.622936802

1260 1023 81.19047619047619 439 18.518187555

1260 1034 82.06349206349206 278 19.020607338

1258 1017 80.84260731319554 591 19.30778105

1258 1035 82.27344992050874 307 19.280352122

1200 1001 83.41666666666666 506 20.533066104

1200 1015 84.58333333333333 146 20.469285639

1300 1083 83.3076923076923 801 22.31676606

1300 1077 82.84615384615385 317 22.41020193

1200 1011 84.25 751 21.092198719

1200 1006 83.83333333333334 250 20.891824752

800 760 95.0 701 14.43223542

800 757 94.625 109 14.341554481

800 755 94.375 372 13.93265385

800 761 95.125 831 14.151937098

900 849 94.33333333333334 80 15.924289812

900 851 94.55555555555556 518 16.454362429

800 755 94.375 68 14.289385926

800 760 95.0 540 14.192334134

800 756 94.5 579 14.275334981

800 752 94.0 490 14.271533886

900 852 94.66666666666667 803 16.110229761

900 853 94.77777777777779 952 16.477417963

900 847 94.11111111111111 920 15.905186238

600 576 96.0 197 12.278672105

900 855 95.0 275 16.825577833

700 667 95.28571428571428 669 12.884925143

600 569 94.83333333333334 582 11.297749281

600 573 95.5 624 11.761781059

700 668 95.42857142857143 884 13.070434992

700 667 95.28571428571428 498 12.826182415

384 340 88.54166666666666 729 6.937732634

162 143 88.27160493827161 16 2.783553793

2058 1649 80.12633624878522 587 35.758240275

