1132 891 78.71024734982332 90 14.605556226

996 793 79.61847389558233 174 13.410551985

92 88 95.65217391304348 774 2.067548362

840 640 76.19047619047619 1 11.452720094

400 309 77.25 1 5.965986329

1000 934 93.4 973 21.976598049

1000 926 92.60000000000001 608 22.298409353

900 880 97.77777777777777 862 17.378788565

1000 928 92.80000000000001 380 22.610138274

900 878 97.55555555555556 187 17.480620486

900 879 97.66666666666667 221 17.259205333

900 898 99.77777777777777 90 16.657457762

900 898 99.77777777777777 706 17.283662165

900 899 99.8888888888889 140 17.07434389

1260 1051 83.41269841269842 424 18.92993351

1260 1044 82.85714285714286 764 18.758161213

1260 1039 82.46031746031746 451 19.045716179

1258 1038 82.51192368839428 40 19.576998575

1258 1052 83.6248012718601 653 19.462134691

1200 1008 84.0 545 20.140299269

1200 1010 84.16666666666667 48 20.679545164

1300 1092 84.0 115 22.399466099

1300 1082 83.23076923076923 414 22.281990105

1200 1014 84.5 622 21.390392842

1200 1012 84.33333333333334 949 20.788484795

800 759 94.875 308 14.565972681

800 763 95.375 144 14.360754095

800 763 95.375 155 13.973844826

800 753 94.125 406 14.445872417

900 848 94.22222222222221 411 16.505439135

900 845 93.88888888888889 832 15.793004419

800 760 95.0 113 14.385344809

800 760 95.0 583 14.661885818

800 754 94.25 451 14.942584508

800 763 95.375 548 14.359159264

900 849 94.33333333333334 469 16.244825159

900 849 94.33333333333334 544 16.114027435

900 856 95.11111111111111 828 15.822333106

600 576 96.0 667 11.871713787

900 860 95.55555555555556 455 16.434482505

700 669 95.57142857142857 687 13.295934645

600 572 95.33333333333334 541 11.247366601

600 577 96.16666666666667 280 11.897266952

700 672 96.0 713 13.191558249

700 666 95.14285714285714 289 13.421381671

384 338 88.02083333333334 121 6.729927194

162 143 88.27160493827161 8 2.746626412

2058 1649 80.12633624878522 475 35.661086579

