1132 880 77.73851590106007 686 11.407223213

996 785 78.81526104417671 607 9.983790622

92 78 84.78260869565217 319 1.712763393

840 638 75.95238095238095 1 7.896114178

400 304 76.0 1 4.266206877

1000 887 88.7 726 15.297872399

1000 906 90.60000000000001 396 15.955658787

900 871 96.77777777777777 184 12.373452941

1000 890 89.0 69 15.571709645

900 846 94.0 514 12.684799824

900 857 95.22222222222221 737 12.601168641

900 882 98.0 231 12.109128828

900 887 98.55555555555556 135 12.356786095

900 883 98.11111111111111 230 12.247831714

1260 980 77.77777777777779 462 13.689880498

1260 991 78.65079365079364 660 13.997363134

1260 959 76.11111111111111 358 14.662828429

1258 999 79.41176470588235 682 14.114912117

1258 988 78.53736089030207 76 14.164126424

1200 966 80.5 801 15.093912656

1200 976 81.33333333333333 69 15.522847874

1300 1054 81.07692307692308 771 16.521998347

1300 1051 80.84615384615384 683 17.125041643

1200 977 81.41666666666667 727 16.151940066

1200 973 81.08333333333333 433 16.235760399

800 727 90.875 609 10.827615301

800 738 92.25 269 11.000571908

800 739 92.375 914 10.661978954

800 720 90.0 421 10.495146268

900 831 92.33333333333333 982 12.399588217

900 816 90.66666666666666 595 12.499964159

800 730 91.25 624 11.536509153

800 719 89.875 359 10.924139409

800 737 92.125 972 10.400932327

800 722 90.25 601 10.29251043

900 824 91.55555555555556 54 11.411635674

900 834 92.66666666666666 72 11.545308056

900 815 90.55555555555556 121 11.639506699

600 554 92.33333333333333 73 8.563627104

900 822 91.33333333333333 212 11.357854567

700 634 90.57142857142857 802 9.281362497

600 552 92.0 46 8.675067937

600 548 91.33333333333333 296 8.68305996

700 637 91.0 72 9.758245384

700 633 90.42857142857143 624 9.50119074

384 313 81.51041666666666 359 5.512964571

162 139 85.80246913580247 101 2.091695343

2058 1583 76.91933916423712 256 26.683078931

