1132 893 78.886925795053 206 6.211286069

996 795 79.81927710843374 92 5.699480484

92 88 95.65217391304348 52 1.056114688

840 640 76.19047619047619 1 4.809218643

400 310 77.5 2 2.59244842

1000 929 92.9 465 9.15415138

1000 928 92.80000000000001 884 8.98329242

900 880 97.77777777777777 448 7.389922203

1000 929 92.9 269 9.30724956

900 880 97.77777777777777 963 7.348985384

900 884 98.22222222222223 116 7.423887637

900 897 99.66666666666667 204 6.932525813

900 897 99.66666666666667 797 6.951681996

900 898 99.77777777777777 161 7.266214262

1260 1049 83.25396825396825 679 7.827540753

1260 1050 83.33333333333334 637 7.831871903

1260 1059 84.04761904761905 162 8.184893611

1258 1060 84.26073131955485 995 7.712546307

1258 1052 83.6248012718601 172 8.204742366

1200 1013 84.41666666666666 383 8.275435737

1200 1014 84.5 541 8.99699869

1300 1099 84.53846153846155 725 9.049823632

1300 1092 84.0 192 9.457096635

1200 1010 84.16666666666667 206 8.829118322

1200 1017 84.75 460 8.853737539

800 759 94.875 445 5.736575114

800 757 94.625 150 5.999604741

800 757 94.625 202 6.16329678

800 758 94.75 560 5.989227786

900 854 94.88888888888889 662 6.565376419

900 853 94.77777777777779 289 7.169143905

800 761 95.125 264 6.180694759

800 765 95.625 284 6.068028979

800 755 94.375 554 6.298441516

800 760 95.0 191 5.89171693

900 859 95.44444444444444 478 6.827760057

900 850 94.44444444444444 552 6.937191855

900 854 94.88888888888889 688 6.453008035

600 576 96.0 88 5.110278454

900 860 95.55555555555556 559 6.680878442

700 670 95.71428571428572 791 5.27625776

600 574 95.66666666666667 168 4.738367799

600 578 96.33333333333334 328 4.925864644

700 673 96.14285714285714 337 5.553320446

700 667 95.28571428571428 373 5.59566931

384 336 87.5 225 2.789706361

162 145 89.50617283950618 181 1.296696081

2058 1681 81.68124392614189 638 15.775101722

