1132 890 78.62190812720848 39 6.215534529

996 789 79.21686746987952 502 5.83153924

92 84 91.30434782608695 67 1.094163778

840 638 75.95238095238095 1 4.779475847

400 310 77.5 2 2.548150737

1000 914 91.4 794 8.963778269

1000 918 91.8 940 9.557049377

900 871 96.77777777777777 29 7.416372773

1000 907 90.7 607 9.265058904

900 868 96.44444444444444 513 7.102692372

900 870 96.66666666666667 526 7.224727847

900 885 98.33333333333333 793 7.323005277

900 890 98.88888888888889 864 6.946105552

900 891 99.0 858 7.002527226

1260 1010 80.15873015873017 858 7.773344026

1260 1004 79.68253968253968 148 8.012369302

1260 1014 80.47619047619048 771 7.945332888

1258 1010 80.28616852146264 674 8.099443674

1258 1016 80.7631160572337 256 8.337673611

1200 982 81.83333333333334 973 8.719770739

1200 990 82.5 550 8.838913147

1300 1061 81.61538461538461 58 9.167255703

1300 1061 81.61538461538461 830 9.096502411

1200 994 82.83333333333334 345 8.750519717

1200 992 82.66666666666667 500 8.816950174

800 746 93.25 236 5.828018455

800 747 93.375 124 5.947247696

800 746 93.25 83 5.80842166

800 739 92.375 112 5.864839925

900 833 92.55555555555556 818 6.638714262

900 839 93.22222222222221 395 6.649503652

800 745 93.125 301 6.088333452

800 752 94.0 513 6.525126727

800 736 92.0 587 5.916298068

800 750 93.75 349 5.88402374

900 832 92.44444444444444 543 6.691869563

900 833 92.55555555555556 318 7.088923189

900 837 93.0 276 6.598482956

600 573 95.5 766 4.913786087

900 834 92.66666666666666 861 6.678827535

700 656 93.71428571428572 201 5.454168562

600 566 94.33333333333334 817 4.923068128

600 561 93.5 688 4.945250649

700 654 93.42857142857143 944 5.358294242

700 650 92.85714285714286 483 5.400166076

384 328 85.41666666666666 266 2.878055347

162 139 85.80246913580247 7 1.310007644

2058 1633 79.3488824101069 144 15.256141228

