1132 859 75.8833922261484 267 6.243007075

996 774 77.71084337349397 647 5.395745808

92 79 85.86956521739131 55 1.073387405

840 638 75.95238095238095 1 5.074537761

400 309 77.25 1 2.815644432

1000 888 88.8 212 9.249424021

1000 886 88.6 252 9.419452429

900 855 95.0 70 7.842405317

1000 886 88.6 843 9.056366941

900 854 94.88888888888889 975 7.263931962

900 859 95.44444444444444 125 7.454141963

900 886 98.44444444444444 254 7.06220638

900 880 97.77777777777777 67 6.972626108

900 881 97.88888888888889 782 6.923990508

1260 996 79.04761904761905 924 7.907746808

1260 970 76.98412698412699 426 8.081665149

1260 973 77.22222222222223 405 7.868739812

1258 998 79.3322734499205 952 8.656425163

1258 978 77.74244833068363 19 7.942151028

1200 941 78.41666666666667 159 9.084190614

1200 977 81.41666666666667 943 8.492213089

1300 1027 79.0 273 9.236627357

1300 1017 78.23076923076923 338 9.186801431

1200 965 80.41666666666667 23 8.775320993

1200 952 79.33333333333333 345 9.370259047

800 732 91.5 148 6.127120805

800 714 89.25 826 6.259753228

800 725 90.625 281 6.002461247

800 720 90.0 288 6.095751951

900 805 89.44444444444444 311 6.654670401

900 813 90.33333333333333 922 6.720127942

800 722 90.25 428 6.198141474

800 725 90.625 321 6.111286643

800 731 91.375 195 6.050452287

800 725 90.625 717 6.02429122

900 806 89.55555555555556 185 6.834669401

900 813 90.33333333333333 830 6.92262592

900 834 92.66666666666666 608 6.76958446

600 531 88.5 631 5.175984892

900 801 89.0 926 6.734591413

700 627 89.57142857142857 132 5.481919327

600 538 89.66666666666666 245 5.0733138

600 550 91.66666666666666 359 5.115514733

700 640 91.42857142857143 870 5.810791001

700 640 91.42857142857143 926 5.684215803

384 304 79.16666666666666 313 2.958482815

162 137 84.5679012345679 264 1.320508215

2058 1579 76.72497570456754 603 15.778818878

