1132 886 78.26855123674912 628 10.769139518

996 791 79.41767068273093 440 9.708088499

92 84 91.30434782608695 383 1.611308024

840 640 76.19047619047619 1 8.108684459

400 306 76.5 1 4.576972562

1000 915 91.5 598 16.587442731

1000 896 89.60000000000001 182 16.876925667

900 862 95.77777777777777 453 12.397323246

1000 907 90.7 815 15.539475105

900 864 96.0 557 12.35584947

900 864 96.0 725 12.86973986

900 885 98.33333333333333 155 13.076868414

900 890 98.88888888888889 676 13.015924036

900 895 99.44444444444444 132 12.013414336

1260 991 78.65079365079364 913 13.857157553

1260 1000 79.36507936507937 127 13.925898616

1260 1000 79.36507936507937 19 13.469174617

1258 1007 80.0476947535771 380 13.481782648

1258 1001 79.57074721780603 530 14.469543415

1200 980 81.66666666666667 696 14.761690861

1200 999 83.25 396 14.722513418

1300 1076 82.76923076923077 164 16.394410044

1300 1063 81.76923076923077 322 16.337909715

1200 973 81.08333333333333 723 15.874717269

1200 1000 83.33333333333334 309 15.276945066

800 746 93.25 949 10.27022714

800 749 93.625 240 10.142209638

800 743 92.875 922 10.349492843

800 737 92.125 861 9.976191014

900 842 93.55555555555556 503 11.583364397

900 829 92.11111111111111 537 11.832824762

800 745 93.125 395 10.70495492

800 742 92.75 599 10.317118244

800 749 93.625 833 10.733376739

800 747 93.375 675 10.10567323

900 835 92.77777777777779 333 11.772249115

900 842 93.55555555555556 788 11.747544952

900 841 93.44444444444444 466 11.527844901

600 560 93.33333333333333 839 8.943975495

900 855 95.0 229 11.790441511

700 649 92.71428571428572 693 9.286992249

600 562 93.66666666666667 275 8.333045671

600 565 94.16666666666667 522 9.657267918

700 659 94.14285714285714 585 9.541165842

700 653 93.28571428571428 667 9.715889952

384 324 84.375 522 4.89513487

162 145 89.50617283950618 42 2.184698325

2058 1625 78.96015549076773 171 26.86823144

