1132 880 77.73851590106007 414 15.294505461

996 773 77.61044176706827 108 13.837475375

92 88 95.65217391304348 185 2.162831743

840 640 76.19047619047619 1 11.35465262

400 305 76.25 1 5.931705266

1000 906 90.60000000000001 936 22.692891064

1000 909 90.9 671 22.534214405

900 870 96.66666666666667 414 18.253296265

1000 915 91.5 273 22.205092304

900 871 96.77777777777777 161 18.490626424

900 870 96.66666666666667 359 17.659851491

900 888 98.66666666666667 584 17.337492072

900 885 98.33333333333333 293 17.905043763

900 895 99.44444444444444 607 17.63119235

1260 1026 81.42857142857143 983 19.002329162

1260 1000 79.36507936507937 283 18.973835768

1260 1010 80.15873015873017 182 18.715896097

1258 1020 81.08108108108108 505 19.16162909

1258 1005 79.88871224165341 557 18.701841426

1200 993 82.75 231 23.589329823

1200 997 83.08333333333333 663 20.465662974

1300 1070 82.3076923076923 559 22.789348999

1300 1062 81.6923076923077 806 25.648195606

1200 1012 84.33333333333334 845 21.669033053

1200 996 83.0 480 21.236627851

800 753 94.125 793 14.339970103

800 744 93.0 485 14.747651904

800 752 94.0 886 15.236642305

800 751 93.875 986 14.505302902

900 839 93.22222222222221 638 16.048362455

900 836 92.88888888888889 199 16.252146535

800 744 93.0 431 14.698712019

800 754 94.25 862 15.116426537

800 743 92.875 342 14.435174743

800 738 92.25 741 14.486968141

900 834 92.66666666666666 402 16.408897486

900 843 93.66666666666667 281 16.447435223

900 836 92.88888888888889 61 16.178850495

600 566 94.33333333333334 415 12.063658136

900 847 94.11111111111111 596 16.736894458

700 654 93.42857142857143 558 13.15036924

600 567 94.5 633 11.714158877

600 573 95.5 359 12.226518059

700 662 94.57142857142857 510 14.16276518

700 654 93.42857142857143 517 13.075655406

384 318 82.8125 246 7.716486003

162 143 88.27160493827161 41 2.718168913

2058 1633 79.3488824101069 943 37.838413649

