1132 894 78.97526501766784 154 14.773929342

996 796 79.91967871485943 42 13.760027214

92 88 95.65217391304348 26 2.073797238

840 640 76.19047619047619 1 11.501534367

400 310 77.5 1 5.988148822

1000 930 93.0 36 21.729852816

1000 924 92.4 29 21.655678417

900 879 97.66666666666667 657 17.52773931

1000 929 92.9 211 22.405402845

900 877 97.44444444444444 539 17.624580537

900 878 97.55555555555556 381 17.336994847

900 897 99.66666666666667 47 16.710470146

900 899 99.8888888888889 278 16.911440023

900 899 99.8888888888889 904 16.895351325

1260 1036 82.22222222222221 829 19.222046478

1260 1037 82.3015873015873 605 19.067416122

1260 1042 82.6984126984127 398 18.578355076

1258 1033 82.11446740858506 727 18.755447655

1258 1040 82.67090620031796 329 19.189415521

1200 1006 83.83333333333334 869 20.664149152

1200 1016 84.66666666666667 848 20.515002098

1300 1087 83.61538461538461 611 22.045196587

1300 1095 84.23076923076923 413 22.237965131

1200 1021 85.08333333333333 743 21.014822014

1200 999 83.25 555 21.113898909

800 760 95.0 62 14.040437294

800 761 95.125 531 14.177951714

800 761 95.125 734 14.151467426

800 758 94.75 453 14.366179499

900 853 94.77777777777779 148 16.075604811

900 848 94.22222222222221 365 16.11289593

800 754 94.25 650 14.373019345

800 763 95.375 438 14.374957435

800 760 95.0 935 14.385035988

800 755 94.375 537 14.23419307

900 856 95.11111111111111 785 15.86476642

900 853 94.77777777777779 323 16.419388149

900 854 94.88888888888889 926 16.269774565

600 573 95.5 683 11.883523717

900 857 95.22222222222221 193 15.740467403

700 673 96.14285714285714 509 13.112363476

600 576 96.0 903 11.900385621

600 576 96.0 787 11.782859453

700 673 96.14285714285714 79 12.871891061

700 660 94.28571428571428 782 12.932185921

384 340 88.54166666666666 731 6.922624096

162 145 89.50617283950618 249 2.767053535

2058 1654 80.36929057337221 240 35.970016784

