1132 893 78.886925795053 94 6.024834036

996 794 79.71887550200803 44 5.937510446

92 88 95.65217391304348 37 1.034124669

840 640 76.19047619047619 1 4.70939753

400 310 77.5 1 2.860870653

1000 910 91.0 428 9.083430083

1000 921 92.10000000000001 409 9.036150792

900 875 97.22222222222221 193 7.795826575

1000 912 91.2 904 9.463713529

900 874 97.11111111111111 59 7.306229377

900 874 97.11111111111111 417 7.361013978

900 897 99.66666666666667 219 6.857138054

900 900 100.0 947 7.024921848

900 893 99.22222222222223 323 6.90570598

1260 1024 81.26984126984127 472 7.870605877

1260 1023 81.19047619047619 471 7.821087997

1260 1014 80.47619047619048 595 8.101490849

1258 1016 80.7631160572337 621 7.927119073

1258 1031 81.95548489666137 634 7.712325016

1200 994 82.83333333333334 324 8.518481597

1200 1003 83.58333333333333 703 8.303035439

1300 1081 83.15384615384616 727 9.268590382

1300 1076 82.76923076923077 604 9.112413224

1200 1002 83.5 188 8.583411605

1200 998 83.16666666666667 811 8.599872414

800 749 93.625 328 6.178167837

800 756 94.5 651 6.230812015

800 760 95.0 339 5.760873967

800 749 93.625 613 6.600087092

900 847 94.11111111111111 900 6.576150734

900 836 92.88888888888889 108 6.794479481

800 751 93.875 974 6.518544012

800 751 93.875 98 6.15084459

800 752 94.0 857 5.897407341

800 759 94.875 546 6.444361754

900 843 93.66666666666667 236 6.601277812

900 843 93.66666666666667 200 6.571006906

900 836 92.88888888888889 302 6.59852085

600 572 95.33333333333334 685 4.920290099

900 851 94.55555555555556 561 6.838847871

700 670 95.71428571428572 547 5.57659002

600 566 94.33333333333334 425 5.259587797

600 568 94.66666666666667 907 5.047276401

700 664 94.85714285714286 478 5.368912067

700 662 94.57142857142857 121 5.70738193

384 328 85.41666666666666 527 3.202487154

162 143 88.27160493827161 5 1.303713335

2058 1636 79.49465500485908 976 15.81210764

