1132 891 78.71024734982332 126 15.669042201

996 795 79.81927710843374 949 13.117480062

92 85 92.3913043478261 237 2.482865808

840 640 76.19047619047619 1 11.745206641

400 310 77.5 1 6.540226019

1000 929 92.9 233 21.68233688

1000 933 93.30000000000001 202 22.684193276

900 883 98.11111111111111 727 17.87157884

1000 919 91.9 451 22.098177812

900 884 98.22222222222223 685 17.303976957

900 886 98.44444444444444 687 17.579397137

900 895 99.44444444444444 319 17.212908291

900 899 99.8888888888889 438 17.697919443

900 898 99.77777777777777 116 17.616017045

1260 1061 84.2063492063492 697 19.995875009

1260 1047 83.0952380952381 504 20.850680559

1260 1046 83.01587301587303 392 18.887206057

1258 1053 83.70429252782195 329 19.398309849

1258 1058 84.10174880763115 78 19.323704968

1200 1022 85.16666666666667 768 20.370747923

1200 1019 84.91666666666666 700 21.176803785

1300 1095 84.23076923076923 259 22.844031376

1300 1087 83.61538461538461 542 23.063637543

1200 1033 86.08333333333333 982 22.66443364

1200 1020 85.0 340 21.522322111

800 758 94.75 890 14.29865901

800 758 94.75 335 14.66320785

800 758 94.75 570 14.081901723

800 764 95.5 986 14.205787876

900 853 94.77777777777779 360 16.002589532

900 846 94.0 388 16.850183053

800 762 95.25 838 14.633806991

800 762 95.25 740 15.230135023

800 757 94.625 287 15.335276652

800 758 94.75 167 15.046578273

900 854 94.88888888888889 918 16.563496873

900 849 94.33333333333334 922 17.103314192

900 848 94.22222222222221 509 16.128873642

600 574 95.66666666666667 950 11.940214992

900 856 95.11111111111111 521 15.981094849

700 661 94.42857142857143 383 13.957143813

600 576 96.0 339 11.502405428

600 575 95.83333333333334 474 12.564690089

700 676 96.57142857142857 202 13.280348461

700 674 96.28571428571429 961 13.636872818

384 338 88.02083333333334 536 7.241833306

162 145 89.50617283950618 16 2.78730234

2058 1641 79.73760932944607 316 35.184936311

