1132 894 78.97526501766784 235 10.921952993

996 796 79.91967871485943 61 9.516118984

92 88 95.65217391304348 146 1.572998327

840 640 76.19047619047619 1 8.018156597

400 308 77.0 1 4.248642427

1000 927 92.7 747 15.261895464

1000 934 93.4 155 15.192918442

900 886 98.44444444444444 812 12.942137859

1000 932 93.2 396 15.411856429

900 881 97.88888888888889 390 12.641579073

900 883 98.11111111111111 833 12.306833818

900 896 99.55555555555556 70 11.734550556

900 898 99.77777777777777 66 11.703814334

900 898 99.77777777777777 57 11.825466445

1260 1068 84.76190476190476 386 13.781982163

1260 1067 84.68253968253968 482 13.556371444

1260 1046 83.01587301587303 364 14.465400446

1258 1049 83.38632750397457 607 13.086037164

1258 1059 84.18124006359301 924 13.754915081

1200 1010 84.16666666666667 869 15.254067709

1200 1024 85.33333333333334 802 15.140164468

1300 1105 85.0 666 15.873924842

1300 1101 84.6923076923077 300 16.870930234

1200 1026 85.5 313 15.601518061

1200 1021 85.08333333333333 229 15.004999974

800 760 95.0 657 9.904467177

800 761 95.125 356 10.700406318

800 760 95.0 184 10.348447505

800 758 94.75 275 10.088214959

900 847 94.11111111111111 269 11.418181929

900 847 94.11111111111111 91 11.661886561

800 763 95.375 180 11.716049724

800 767 95.875 619 10.766250822

800 754 94.25 765 10.494342266

800 765 95.625 419 10.199660165

900 852 94.66666666666667 489 13.115709386

900 854 94.88888888888889 789 12.505878908

900 854 94.88888888888889 433 11.456956156

600 579 96.5 266 8.664423081

900 858 95.33333333333334 910 12.096727009

700 673 96.14285714285714 625 9.322646323

600 580 96.66666666666667 540 7.928203804

600 578 96.33333333333334 769 8.268391621

700 676 96.57142857142857 972 9.419601133

700 669 95.57142857142857 185 9.354442346

384 338 88.02083333333334 85 4.7782416

162 143 88.27160493827161 30 2.216960593

2058 1680 81.63265306122449 176 25.844473225

