1132 894 78.97526501766784 305 11.036645987

996 796 79.91967871485943 33 9.551627907

92 88 95.65217391304348 129 1.575256363

840 640 76.19047619047619 1 8.246879659

400 308 77.0 1 4.378571497

1000 937 93.7 86 16.002139403

1000 916 91.60000000000001 950 16.564242601

900 886 98.44444444444444 699 12.670429451

1000 928 92.80000000000001 456 16.256087552

900 877 97.44444444444444 241 13.031936265

900 888 98.66666666666667 924 13.203282981

900 899 99.8888888888889 239 12.681704001

900 898 99.77777777777777 918 12.555961011

900 898 99.77777777777777 177 12.788953076

1260 1055 83.73015873015873 485 13.460778504

1260 1063 84.36507936507937 962 13.307675249

1260 1064 84.44444444444444 166 13.884045108

1258 1067 84.81717011128775 956 13.930416995

1258 1067 84.81717011128775 494 14.500723386

1200 1014 84.5 162 14.591817324

1200 1023 85.25 605 14.256892028

1300 1102 84.76923076923077 926 15.581974692

1300 1098 84.46153846153847 382 16.029673118

1200 1025 85.41666666666666 337 14.956274354

1200 1021 85.08333333333333 299 15.426021894

800 760 95.0 941 10.348231813

800 755 94.375 108 10.911194467

800 760 95.0 338 10.477729453

800 758 94.75 672 9.957753796

900 855 95.0 189 12.074469523

900 852 94.66666666666667 362 11.935416072

800 763 95.375 448 10.473315567

800 767 95.875 214 10.014792499

800 761 95.125 366 10.078230354

800 760 95.0 969 11.194802836

900 857 95.22222222222221 411 11.927851625

900 854 94.88888888888889 362 11.584924916

900 852 94.66666666666667 121 11.781123701

600 575 95.83333333333334 158 8.404695625

900 858 95.33333333333334 619 11.802734842

700 674 96.28571428571429 192 9.418763628

600 578 96.33333333333334 837 8.389303998

600 572 95.33333333333334 959 8.544351253

700 673 96.14285714285714 218 9.089516415

700 668 95.42857142857143 399 9.48712524

384 346 90.10416666666666 369 5.034451304

162 145 89.50617283950618 239 2.201306892

2058 1683 81.77842565597668 293 25.568792152

