1132 894 78.97526501766784 69 6.110211148

996 796 79.91967871485943 29 5.446369124

92 88 95.65217391304348 97 1.050065204

840 640 76.19047619047619 1 4.749293916

400 310 77.5 2 2.90738954

1000 913 91.3 297 9.092699463

1000 917 91.7 206 9.117043459

900 871 96.77777777777777 925 7.37055613

1000 911 91.10000000000001 251 9.109937731

900 871 96.77777777777777 719 7.280638199

900 873 97.0 78 7.341863489

900 895 99.44444444444444 741 6.791457078

900 897 99.66666666666667 402 6.99575784

900 892 99.11111111111111 558 6.917330679

1260 1009 80.07936507936509 402 8.168483216

1260 1035 82.14285714285714 505 7.660874169

1260 1024 81.26984126984127 446 8.332024041

1258 1026 81.55802861685216 990 7.778900393

1258 1008 80.12718600953896 403 8.4617783

1200 999 83.25 352 8.256149258

1200 995 82.91666666666667 882 8.521010626

1300 1077 82.84615384615385 909 9.115968928

1300 1066 82.0 59 9.289948129

1200 1011 84.25 645 8.646785251

1200 999 83.25 228 8.564269858

800 757 94.625 109 6.18286203

800 752 94.0 949 6.28335599

800 752 94.0 141 5.711626603

800 751 93.875 225 5.799180695

900 838 93.11111111111111 707 6.6152368

900 840 93.33333333333333 140 6.640024774

800 749 93.625 557 6.109751501

800 754 94.25 282 6.146726365

800 750 93.75 270 6.142330526

800 754 94.25 70 5.812572054

900 841 93.44444444444444 399 6.871035054

900 842 93.55555555555556 74 6.851747272

900 848 94.22222222222221 264 6.977953489

600 571 95.16666666666667 58 5.235711823

900 851 94.55555555555556 731 6.687920718

700 661 94.42857142857143 732 5.420386104

600 564 94.0 511 4.947023966

600 564 94.0 281 5.330999567

700 667 95.28571428571428 241 5.439764517

700 666 95.14285714285714 451 5.533145604

384 338 88.02083333333334 552 3.141538693

162 145 89.50617283950618 210 1.278564958

2058 1633 79.3488824101069 328 16.698264293

