1132 891 78.71024734982332 112 16.725197949

996 796 79.91967871485943 16 13.735614198

92 88 95.65217391304348 130 2.438072884

840 640 76.19047619047619 1 11.837009961

400 310 77.5 1 6.128620112

1000 945 94.5 743 22.144075002

1000 935 93.5 618 22.381305629

900 887 98.55555555555556 440 18.677165215

1000 945 94.5 106 23.247181282

900 889 98.77777777777777 917 18.82575183

900 882 98.0 956 18.359725314

900 898 99.77777777777777 613 16.626511012

900 896 99.55555555555556 23 17.924222367

900 899 99.8888888888889 463 17.769909611

1260 1065 84.52380952380952 425 19.336697462

1260 1049 83.25396825396825 910 20.112383364

1260 1060 84.12698412698413 211 19.127940555

1258 1064 84.57869634340223 169 19.908813787

1258 1066 84.73767885532591 812 20.03835407

1200 1021 85.08333333333333 438 20.531911869

1200 1030 85.83333333333333 613 21.415428468

1300 1105 85.0 891 23.510052886

1300 1101 84.6923076923077 759 23.965086675

1200 1031 85.91666666666666 837 21.087070261

1200 1022 85.16666666666667 73 21.960780772

800 761 95.125 76 14.580602205

800 762 95.25 161 14.506296738

800 762 95.25 78 14.086181822

800 757 94.625 74 14.349220152

900 854 94.88888888888889 774 16.791429044

900 846 94.0 860 16.617820182

800 765 95.625 85 14.967002779

800 765 95.625 398 14.711701636

800 763 95.375 636 14.464584642

800 761 95.125 921 14.712614151

900 857 95.22222222222221 404 16.70939935

900 851 94.55555555555556 383 17.236671813

900 856 95.11111111111111 886 15.762008353

600 579 96.5 707 11.989936437

900 862 95.77777777777777 153 15.81597847

700 677 96.71428571428572 661 13.670060354

600 580 96.66666666666667 293 11.54858625

600 579 96.5 718 12.252723739

700 678 96.85714285714285 528 14.73354449

700 679 97.0 709 13.124583366

384 342 89.0625 569 6.839603711

162 143 88.27160493827161 6 2.815500709

2058 1703 82.75024295432458 476 37.250603261

