1132 891 78.71024734982332 115 14.618711623

996 793 79.61847389558233 29 13.273044224

92 88 95.65217391304348 162 2.29418893

840 638 75.95238095238095 1 12.35314844

400 309 77.25 1 5.971188525

1000 936 93.60000000000001 192 21.399406703

1000 922 92.2 459 21.648130245

900 889 98.77777777777777 843 18.566728432

1000 923 92.30000000000001 487 22.128516564

900 881 97.88888888888889 815 17.509607857

900 893 99.22222222222223 702 17.714056568

900 898 99.77777777777777 304 16.78274795

900 899 99.8888888888889 404 18.35086619

900 898 99.77777777777777 241 17.024385032

1260 1069 84.84126984126983 248 19.941442072

1260 1064 84.44444444444444 611 20.471202375

1260 1060 84.12698412698413 572 18.664819818

1258 1051 83.54531001589825 485 18.6434291

1258 1054 83.78378378378379 743 19.375709829

1200 1024 85.33333333333334 211 20.444654254

1200 1025 85.41666666666666 484 20.120462205

1300 1099 84.53846153846155 447 22.458583404

1300 1101 84.6923076923077 492 22.979541056

1200 1023 85.25 51 21.032777079

1200 1023 85.25 355 22.116193652

800 762 95.25 588 14.185946861

800 763 95.375 318 14.426352065

800 763 95.375 815 14.380995795

800 763 95.375 458 15.57974605

900 854 94.88888888888889 553 16.096614307

900 851 94.55555555555556 312 16.1258821

800 764 95.5 957 14.340023064

800 765 95.625 876 14.158895807

800 763 95.375 590 14.599077129

800 764 95.5 59 14.470940079

900 855 95.0 835 16.691756973

900 855 95.0 470 16.392746603

900 850 94.44444444444444 478 16.80595164

600 580 96.66666666666667 552 12.130230042

900 859 95.44444444444444 722 16.728829635

700 677 96.71428571428572 210 13.328103181

600 577 96.16666666666667 672 11.747390195

600 581 96.83333333333334 266 11.921403154

700 677 96.71428571428572 909 12.799376757

700 673 96.14285714285714 953 13.130694726

384 344 89.58333333333334 251 6.836068619

162 145 89.50617283950618 332 2.815595065

2058 1700 82.6044703595724 927 35.214509629

