1132 892 78.79858657243817 218 15.823973302

996 789 79.21686746987952 416 13.667020163

92 83 90.21739130434783 236 2.101137601

840 640 76.19047619047619 1 11.504860352

400 308 77.0 1 5.985511808

1000 916 91.60000000000001 653 22.942625151

1000 910 91.0 109 22.777622307

900 870 96.66666666666667 123 18.501719048

1000 894 89.4 530 23.003886046

900 867 96.33333333333334 984 18.109491925

900 868 96.44444444444444 262 18.307814095

900 894 99.33333333333333 50 17.756795876

900 894 99.33333333333333 960 16.958735919

900 881 97.88888888888889 224 17.409316909

1260 1021 81.03174603174604 47 20.043525794

1260 1012 80.31746031746032 778 19.09593975

1260 1002 79.52380952380952 408 19.68353149

1258 998 79.3322734499205 996 18.902115288

1258 1005 79.88871224165341 97 19.118478649

1200 985 82.08333333333333 36 21.283011467

1200 1008 84.0 429 20.368119454

1300 1078 82.92307692307692 552 23.31232096

1300 1068 82.15384615384616 159 23.455583744

1200 992 82.66666666666667 485 21.887401229

1200 981 81.75 520 21.851524197

800 750 93.75 219 15.070873037

800 747 93.375 685 15.220179565

800 747 93.375 727 14.642878075

800 745 93.125 53 14.839483651

900 836 92.88888888888889 50 16.878131285

900 830 92.22222222222223 662 16.398080078

800 754 94.25 116 15.948373679

800 748 93.5 624 15.113872037

800 748 93.5 193 15.131359232

800 745 93.125 56 14.698322404

900 836 92.88888888888889 441 16.369920639

900 836 92.88888888888889 187 17.017919704

900 832 92.44444444444444 493 17.575614057

600 566 94.33333333333334 291 12.061894973

900 839 93.22222222222221 308 16.245599073

700 656 93.71428571428572 979 13.121642197

600 558 93.0 164 12.791138138

600 563 93.83333333333333 463 12.451762364

700 663 94.71428571428572 455 13.267779849

700 655 93.57142857142857 803 13.001864673

384 326 84.89583333333334 173 6.812686477

162 145 89.50617283950618 64 2.908556752

2058 1611 78.2798833819242 492 39.149682016

