1132 894 78.97526501766784 89 10.946927205

996 796 79.91967871485943 74 9.167669879

92 88 95.65217391304348 11 1.539245903

840 640 76.19047619047619 1 8.212998913

400 307 76.75 1 4.805535184

1000 923 92.30000000000001 897 15.801996231

1000 929 92.9 186 15.527643034

900 876 97.33333333333334 803 12.340307062

1000 919 91.9 566 15.497727238

900 879 97.66666666666667 534 12.287770139

900 877 97.44444444444444 453 12.098130515

900 898 99.77777777777777 155 12.178046295

900 900 100.0 587 12.185824447

900 897 99.66666666666667 726 12.131859205

1260 1058 83.96825396825398 504 13.474511694

1260 1058 83.96825396825398 497 14.63636195

1260 1053 83.57142857142857 388 14.326409068

1258 1047 83.22734499205087 729 14.344993309

1258 1040 82.67090620031796 235 13.648316071

1200 1016 84.66666666666667 754 14.418433397

1200 1018 84.83333333333334 318 14.545084906

1300 1099 84.53846153846155 276 15.755034101

1300 1091 83.92307692307692 482 16.368449333

1200 1028 85.66666666666667 302 14.795890987

1200 1014 84.5 285 14.978087915

800 761 95.125 833 10.311348588

800 762 95.25 194 10.307366374

800 761 95.125 598 10.305143882

800 760 95.0 66 11.802785782

900 854 94.88888888888889 211 11.172136903

900 844 93.77777777777779 825 11.303616051

800 757 94.625 728 10.322269424

800 763 95.375 236 10.049568411

800 763 95.375 863 10.549369279

800 760 95.0 914 10.010908182

900 854 94.88888888888889 283 11.285156669

900 852 94.66666666666667 861 11.933752979

900 858 95.33333333333334 440 11.504971307

600 575 95.83333333333334 136 8.377030272

900 861 95.66666666666667 699 11.74576313

700 675 96.42857142857143 491 9.333833023

600 574 95.66666666666667 371 8.495071164

600 583 97.16666666666667 148 8.54185498

700 676 96.57142857142857 623 9.565010693

700 673 96.14285714285714 155 8.985895209

384 340 88.54166666666666 161 4.686583124

162 145 89.50617283950618 10 2.049216027

2058 1671 81.19533527696792 612 26.173587345

