1132 893 78.886925795053 949 10.8882372

996 795 79.81927710843374 403 9.191457948

92 88 95.65217391304348 19 1.627589126

840 640 76.19047619047619 1 7.883470586

400 310 77.5 1 4.37592039

1000 919 91.9 545 15.962059536

1000 925 92.5 934 15.622683103

900 876 97.33333333333334 519 12.183015013

1000 921 92.10000000000001 830 15.328724698

900 879 97.66666666666667 686 12.092106202

900 880 97.77777777777777 201 12.187037488

900 896 99.55555555555556 211 12.343486076

900 898 99.77777777777777 720 12.313546987

900 898 99.77777777777777 580 11.951488681

1260 1033 81.98412698412699 805 13.74007413

1260 1024 81.26984126984127 334 13.765411531

1260 1038 82.38095238095238 629 13.92321035

1258 1028 81.71701112877582 476 13.47302813

1258 1026 81.55802861685216 944 13.4166142

1200 1009 84.08333333333333 979 14.246257748

1200 1020 85.0 658 14.821619538

1300 1080 83.07692307692308 922 15.806075368

1300 1081 83.15384615384616 487 15.587435916

1200 1010 84.16666666666667 468 14.792028614

1200 1007 83.91666666666666 402 15.155423048

800 755 94.375 313 10.215988002

800 757 94.625 167 10.379961549

800 759 94.875 41 10.642529876

800 760 95.0 273 10.106053469

900 848 94.22222222222221 127 11.206269971

900 841 93.44444444444444 219 11.416457644

800 758 94.75 485 10.239183346

800 756 94.5 17 10.107387944

800 752 94.0 291 10.077398961

800 757 94.625 110 10.735268911

900 849 94.33333333333334 603 11.994630103

900 850 94.44444444444444 491 11.391435166

900 846 94.0 859 11.1881926

600 573 95.5 537 8.67034655

900 847 94.11111111111111 419 11.171702775

700 675 96.42857142857143 474 9.065041234

600 581 96.83333333333334 989 8.384268497

600 575 95.83333333333334 299 8.565378848

700 665 95.0 315 9.313564719

700 667 95.28571428571428 139 10.155504554

384 340 88.54166666666666 852 5.325261466

162 145 89.50617283950618 6 2.178583772

2058 1639 79.64042759961127 274 25.735374639

