1132 890 78.62190812720848 27 6.365328159

996 795 79.81927710843374 316 5.730685805

92 87 94.56521739130434 97 1.056015415

840 640 76.19047619047619 1 5.284205745

400 310 77.5 3 2.806507181

1000 917 91.7 678 9.353762649

1000 921 92.10000000000001 455 9.261005734

900 870 96.66666666666667 470 7.127750157

1000 911 91.10000000000001 821 8.947250828

900 870 96.66666666666667 263 7.092527584

900 868 96.44444444444444 436 7.600508963

900 895 99.44444444444444 144 6.993835588

900 894 99.33333333333333 206 7.198941912

900 892 99.11111111111111 778 7.186742018

1260 1026 81.42857142857143 45 7.823886427

1260 1028 81.58730158730158 994 7.744486221

1260 1021 81.03174603174604 303 8.088372692

1258 1008 80.12718600953896 449 8.096113781

1258 1016 80.7631160572337 304 7.942655237

1200 992 82.66666666666667 572 8.195578494

1200 1003 83.58333333333333 497 8.36982173

1300 1080 83.07692307692308 444 9.070128325

1300 1070 82.3076923076923 526 9.550503771

1200 1000 83.33333333333334 227 9.42641414

1200 1006 83.83333333333334 817 8.645011699

800 757 94.625 863 5.807355899

800 749 93.625 778 6.185110735

800 759 94.875 772 5.886965301

800 756 94.5 707 5.856641375

900 848 94.22222222222221 614 6.719407554

900 841 93.44444444444444 902 6.569206734

800 758 94.75 346 5.90384794

800 750 93.75 505 6.196853596

800 752 94.0 108 5.868737192

800 747 93.375 590 5.835184048

900 845 93.88888888888889 230 6.861812718

900 845 93.88888888888889 803 6.765392304

900 840 93.33333333333333 308 6.467665687

600 567 94.5 45 4.845601557

900 850 94.44444444444444 283 6.608724032

700 658 94.0 866 6.062463722

600 570 95.0 395 5.349918333

600 567 94.5 643 5.288558583

700 670 95.71428571428572 181 5.669809765

700 661 94.42857142857143 869 5.475000602

384 329 85.67708333333334 739 3.038255953

162 145 89.50617283950618 9 1.279703781

2058 1629 79.1545189504373 387 15.38515849

