1132 891 78.71024734982332 370 10.517230248

996 795 79.81927710843374 175 9.747632606

92 88 95.65217391304348 210 1.690522908

840 638 75.95238095238095 1 8.355590608

400 309 77.25 1 4.478692101

1000 916 91.60000000000001 677 16.122333357

1000 922 92.2 767 15.804163737

900 878 97.55555555555556 151 12.748426334

1000 923 92.30000000000001 837 15.341653827

900 878 97.55555555555556 803 13.724707957

900 878 97.55555555555556 324 13.344912779

900 897 99.66666666666667 183 11.943751861

900 898 99.77777777777777 464 12.125578498

900 899 99.8888888888889 116 12.681997226

1260 1047 83.0952380952381 202 13.447253173

1260 1024 81.26984126984127 607 13.856349786

1260 1027 81.5079365079365 488 13.29153141

1258 1021 81.16057233704292 348 13.822104686

1258 1040 82.67090620031796 127 14.035804908

1200 1008 84.0 464 14.246291462

1200 1004 83.66666666666667 131 14.700335828

1300 1084 83.38461538461537 469 15.718641543

1300 1083 83.3076923076923 197 15.574859887

1200 1012 84.33333333333334 334 15.304294233

1200 1008 84.0 434 14.864100247

800 762 95.25 327 9.841039047

800 758 94.75 515 10.451710473

800 756 94.5 86 10.555972289

800 754 94.25 948 10.610584283

900 852 94.66666666666667 964 11.89564171

900 845 93.88888888888889 330 11.323977648

800 755 94.375 538 10.519548096

800 758 94.75 154 10.684940884

800 759 94.875 695 10.18844829

800 761 95.125 443 10.176380462

900 850 94.44444444444444 347 11.222794024

900 847 94.11111111111111 795 11.398365304

900 851 94.55555555555556 57 11.298860292

600 571 95.16666666666667 216 8.439950229

900 853 94.77777777777779 905 11.610912726

700 662 94.57142857142857 216 9.147748628

600 574 95.66666666666667 774 8.061965468

600 572 95.33333333333334 327 8.604204935

700 669 95.57142857142857 824 9.172263545

700 668 95.42857142857143 634 9.226988926

384 338 88.02083333333334 370 4.673807988

162 145 89.50617283950618 13 2.05976664

2058 1625 78.96015549076773 903 26.556446657

