1132 893 78.886925795053 409 10.361276034

996 788 79.11646586345381 190 9.413846193

92 85 92.3913043478261 170 1.875482677

840 640 76.19047619047619 1 7.836092091

400 309 77.25 1 4.724281991

1000 908 90.8 305 16.517309042

1000 908 90.8 746 16.248329649

900 866 96.22222222222221 867 12.645151885

1000 913 91.3 338 15.734210416

900 867 96.33333333333334 237 12.698599708

900 863 95.88888888888889 708 12.355636789

900 892 99.11111111111111 513 12.212442724

900 894 99.33333333333333 106 12.49844052

900 896 99.55555555555556 300 12.369380229

1260 1028 81.58730158730158 246 13.48585944

1260 1017 80.71428571428572 516 14.297088912

1260 1028 81.58730158730158 379 13.895219891

1258 1028 81.71701112877582 360 13.861449735

1258 996 79.17329093799682 817 14.266693799

1200 993 82.75 39 14.8453252

1200 996 83.0 585 14.542065038

1300 1074 82.61538461538461 220 15.653925289

1300 1065 81.92307692307692 803 15.659114008

1200 1006 83.83333333333334 394 15.335148418

1200 1005 83.75 468 15.07226731

800 750 93.75 808 9.891560551

800 752 94.0 126 10.290690207

800 757 94.625 492 10.385169165

800 745 93.125 324 10.268562206

900 839 93.22222222222221 639 11.733362418

900 844 93.77777777777779 445 11.568476293

800 750 93.75 158 10.553153498

800 760 95.0 196 10.481491559

800 745 93.125 177 10.379736812

800 753 94.125 470 10.393254548

900 843 93.66666666666667 390 11.607920712

900 845 93.88888888888889 346 11.811114414

900 842 93.55555555555556 594 11.834032203

600 563 93.83333333333333 743 9.000048207

900 846 94.0 443 12.100559033

700 656 93.71428571428572 843 10.146417666

600 573 95.5 516 8.44187607

600 565 94.16666666666667 630 8.672831372

700 665 95.0 772 9.403034328

700 667 95.28571428571428 171 9.562534672

384 330 85.9375 324 4.902840243

162 145 89.50617283950618 11 2.065135268

2058 1632 79.30029154518951 35 26.988197615

