1132 875 77.29681978798587 572 14.854820414

996 772 77.51004016064257 338 13.52520539

92 81 88.04347826086956 621 2.094516446

840 640 76.19047619047619 1 11.816447977

400 306 76.5 1 6.092001827

1000 883 88.3 231 22.639857489

1000 894 89.4 43 22.19203639

900 861 95.66666666666667 949 17.506807515

1000 903 90.3 308 23.057776265

900 862 95.77777777777777 82 17.558791904

900 868 96.44444444444444 960 17.559713004

900 876 97.33333333333334 244 16.900163733

900 880 97.77777777777777 581 17.097750976

900 889 98.77777777777777 555 17.241090502

1260 994 78.88888888888889 423 19.662688335

1260 980 77.77777777777779 796 19.320327425

1260 984 78.0952380952381 140 19.029366365

1258 970 77.10651828298887 434 19.13552499

1258 1008 80.12718600953896 37 20.199528747

1200 952 79.33333333333333 549 20.511319032

1200 978 81.5 830 20.480749604

1300 1033 79.46153846153847 262 22.417496939

1300 1044 80.3076923076923 193 23.049680051

1200 949 79.08333333333334 749 21.911105227

1200 953 79.41666666666667 386 21.078252899

800 738 92.25 206 14.776489543

800 742 92.75 783 14.765402611

800 726 90.75 59 14.85915085

800 730 91.25 58 14.785103746

900 827 91.88888888888889 99 16.155181919

900 825 91.66666666666666 302 16.220186932

800 736 92.0 954 14.73181206

800 736 92.0 312 14.349636257

800 739 92.375 616 14.732009579

800 739 92.375 363 14.615044144

900 836 92.88888888888889 699 16.225132509

900 838 93.11111111111111 169 16.206426009

900 832 92.44444444444444 521 16.503549219

600 561 93.5 449 12.536031257

900 815 90.55555555555556 917 16.55572209

700 656 93.71428571428572 381 13.54742763

600 557 92.83333333333333 663 12.269472601

600 554 92.33333333333333 228 12.264906088

700 650 92.85714285714286 979 14.370059364

700 631 90.14285714285715 582 13.284946412

384 304 79.16666666666666 915 6.874070153

162 145 89.50617283950618 18 2.941352072

2058 1604 77.93974732750243 640 35.560285364

