1132 855 75.53003533568905 263 15.322376628

996 773 77.61044176706827 269 13.929768084

92 74 80.43478260869566 720 2.107896078

840 634 75.47619047619048 1 11.383445762

400 302 75.5 1 6.051684066

1000 887 88.7 617 21.938305071

1000 894 89.4 179 21.73865257

900 858 95.33333333333334 54 17.520425923

1000 884 88.4 903 22.69107474

900 853 94.77777777777779 381 17.382980217

900 847 94.11111111111111 969 18.625405796

900 881 97.88888888888889 885 17.055241248

900 881 97.88888888888889 98 17.22694179

900 885 98.33333333333333 608 17.478697882

1260 969 76.90476190476191 46 19.044892816

1260 968 76.82539682539684 177 20.24617788

1260 990 78.57142857142857 528 19.063316285

1258 971 77.18600953895071 824 19.560847342

1258 961 76.39109697933227 892 20.23508998

1200 932 77.66666666666666 613 22.23498108

1200 970 80.83333333333333 645 20.388702708

1300 1032 79.38461538461539 548 23.028485079

1300 1055 81.15384615384616 48 22.923257565

1200 969 80.75 862 21.528532178

1200 960 80.0 328 23.316699815

800 726 90.75 113 14.653810241

800 720 90.0 592 14.534779218

800 734 91.75 96 14.622655353

800 713 89.125 817 14.471441012

900 829 92.11111111111111 405 16.861733247

900 828 92.0 132 16.460147954

800 716 89.5 56 14.804367354

800 739 92.375 236 14.803894388

800 721 90.125 671 15.272148236

800 717 89.625 227 14.660198647

900 819 91.0 305 16.360914637

900 825 91.66666666666666 276 16.473332609

900 823 91.44444444444444 539 16.396956095

600 545 90.83333333333333 173 12.825805623

900 816 90.66666666666666 709 16.349676782

700 624 89.14285714285714 19 13.547994218

600 548 91.33333333333333 385 11.709428864

600 542 90.33333333333333 281 12.557430518

700 647 92.42857142857143 847 13.597527849

700 622 88.85714285714286 554 14.093352509

384 300 78.125 778 6.891782943

162 135 83.33333333333334 18 2.840656861

2058 1547 75.17006802721087 370 36.413964559

