1132 879 77.65017667844522 625 6.290912934

996 777 78.01204819277109 356 5.65748181

92 81 88.04347826086956 655 1.053067203

840 638 75.95238095238095 1 4.851956831

400 310 77.5 2 2.684336565

1000 899 89.9 697 9.432952709

1000 901 90.10000000000001 407 9.058819676

900 859 95.44444444444444 236 7.270616176

1000 901 90.10000000000001 481 9.062116121

900 861 95.66666666666667 39 7.25333232

900 858 95.33333333333334 647 7.809059048

900 883 98.11111111111111 277 7.196271794

900 889 98.77777777777777 290 6.928494334

900 885 98.33333333333333 928 7.379439104

1260 981 77.85714285714286 366 8.159605066

1260 998 79.2063492063492 215 8.34907588

1260 995 78.96825396825396 119 8.712984177

1258 1003 79.72972972972973 685 8.076542127

1258 998 79.3322734499205 281 7.941857916

1200 954 79.5 414 8.487481307

1200 975 81.25 361 8.391119085

1300 1041 80.07692307692308 594 9.55175783

1300 1035 79.61538461538461 676 9.423756791

1200 957 79.75 525 8.736637304

1200 951 79.25 343 9.291435556

800 733 91.625 726 6.4082459

800 716 89.5 975 6.082051164

800 740 92.5 914 6.164260693

800 733 91.625 329 5.95768598

900 820 91.11111111111111 31 6.718227032

900 823 91.44444444444444 888 7.08616397

800 734 91.75 254 6.043630166

800 738 92.25 202 6.143470156

800 733 91.625 485 6.33109466

800 740 92.5 231 6.28991698

900 816 90.66666666666666 60 6.770965172

900 826 91.77777777777779 855 7.212633095

900 822 91.33333333333333 817 6.975882741

600 550 91.66666666666666 396 5.384433631

900 823 91.44444444444444 77 6.918112835

700 652 93.14285714285714 49 5.61516801

600 541 90.16666666666666 502 5.204790819

600 551 91.83333333333333 936 5.693818411

700 635 90.71428571428571 473 5.813742906

700 640 91.42857142857143 9 5.962946696

384 302 78.64583333333334 301 2.887652077

162 135 83.33333333333334 46 1.264563181

2058 1583 76.91933916423712 335 15.720523317

