1132 894 78.97526501766784 38 11.750943164

996 796 79.91967871485943 31 9.471747462

92 88 95.65217391304348 36 1.555565418

840 640 76.19047619047619 1 8.270895702

400 306 76.5 1 4.45438608

1000 943 94.3 706 15.355464159

1000 943 94.3 491 15.367998645

900 889 98.77777777777777 553 12.345617549

1000 940 94.0 303 15.597272814

900 891 99.0 761 12.740782324

900 889 98.77777777777777 528 12.56127239

900 898 99.77777777777777 223 11.875572991

900 898 99.77777777777777 128 11.940050966

900 899 99.8888888888889 95 12.917347234

1260 1080 85.71428571428571 635 13.922879636

1260 1078 85.55555555555556 290 13.776357861

1260 1071 85.0 917 13.377856798

1258 1072 85.21462639109699 949 13.571362263

1258 1072 85.21462639109699 595 13.891872819

1200 1029 85.75 340 14.401674658

1200 1033 86.08333333333333 838 14.959815319

1300 1107 85.15384615384616 805 16.147001467

1300 1108 85.23076923076923 171 15.939665777

1200 1033 86.08333333333333 254 15.234997072

1200 1035 86.25 437 14.82741221

800 761 95.125 100 10.492272444

800 762 95.25 275 10.369797659

800 763 95.375 991 10.207771473

800 759 94.875 311 10.647789745

900 852 94.66666666666667 53 11.534497268

900 850 94.44444444444444 286 11.548915187

800 764 95.5 481 10.497712825

800 769 96.125 166 10.469329592

800 759 94.875 260 10.566215955

800 763 95.375 738 9.972122005

900 854 94.88888888888889 221 12.044169438

900 857 95.22222222222221 595 11.981836058

900 858 95.33333333333334 216 11.230028758

600 586 97.66666666666667 870 8.511398084

900 860 95.55555555555556 371 11.269893798

700 677 96.71428571428572 803 9.384416001

600 581 96.83333333333334 957 8.446588316

600 584 97.33333333333334 112 8.548993061

700 681 97.28571428571429 978 9.930981056

700 676 96.57142857142857 872 9.180800844

384 340 88.54166666666666 61 4.892126739

162 145 89.50617283950618 20 2.034788648

2058 1713 83.23615160349854 919 25.898817601

