1132 891 78.71024734982332 463 6.259705574

996 794 79.71887550200803 241 5.807297467

92 88 95.65217391304348 85 1.041996225

840 640 76.19047619047619 1 5.254205684

400 309 77.25 1 2.566141699

1000 916 91.60000000000001 632 9.286287945

1000 916 91.60000000000001 119 9.115537451

900 877 97.44444444444444 603 7.163097835

1000 914 91.4 186 9.109483145

900 877 97.44444444444444 53 7.070105024

900 876 97.33333333333334 265 7.468189502

900 894 99.33333333333333 614 7.046400951

900 893 99.22222222222223 164 7.022939074

900 896 99.55555555555556 89 6.897383707

1260 1022 81.11111111111111 837 8.211857281

1260 1021 81.03174603174604 600 7.92433939

1260 1037 82.3015873015873 281 7.874590324

1258 1022 81.24006359300478 155 8.152578527

1258 1014 80.60413354531002 881 8.330150783

1200 1004 83.66666666666667 945 8.660755821

1200 1005 83.75 736 8.459888902

1300 1081 83.15384615384616 624 9.122346089

1300 1072 82.46153846153847 802 9.046671771

1200 1014 84.5 132 8.668405797

1200 996 83.0 152 8.682618413

800 756 94.5 525 5.73197816

800 753 94.125 90 6.72461749

800 750 93.75 157 5.850131882

800 749 93.625 509 6.306215813

900 848 94.22222222222221 690 6.566901374

900 849 94.33333333333334 659 6.583814345

800 756 94.5 244 5.961583586

800 751 93.875 78 6.115546163

800 750 93.75 294 5.90485247

800 754 94.25 810 5.831802804

900 850 94.44444444444444 314 6.801014609

900 845 93.88888888888889 125 6.748137057

900 850 94.44444444444444 608 6.579674574

600 575 95.83333333333334 328 4.923268815

900 848 94.22222222222221 849 6.584709051

700 665 95.0 852 5.425814608

600 570 95.0 834 5.195481264

600 572 95.33333333333334 269 5.347761639

700 668 95.42857142857143 838 5.358068147

700 661 94.42857142857143 71 5.373288408

384 326 84.89583333333334 289 2.842720412

162 143 88.27160493827161 9 1.361415901

2058 1663 80.80660835762876 389 15.466189406

