1132 891 78.71024734982332 14 6.400629862

996 794 79.71887550200803 121 5.490892566

92 88 95.65217391304348 55 1.049368207

840 640 76.19047619047619 1 4.804058046

400 310 77.5 1 2.855636731

1000 915 91.5 306 9.007616872

1000 914 91.4 313 9.546801222

900 877 97.44444444444444 234 7.132422962

1000 913 91.3 108 8.975213994

900 876 97.33333333333334 979 7.346228014

900 877 97.44444444444444 476 7.261726591

900 896 99.55555555555556 133 6.932186969

900 891 99.0 241 7.047944686

900 895 99.44444444444444 712 6.915738754

1260 1016 80.63492063492063 691 7.907385294

1260 1023 81.19047619047619 234 7.88904224

1260 1011 80.23809523809524 39 7.935248134

1258 1020 81.08108108108108 728 8.123232147

1258 1021 81.16057233704292 152 7.750880615

1200 991 82.58333333333333 560 8.381283478

1200 1002 83.5 177 8.223755618

1300 1094 84.15384615384616 616 9.065413186

1300 1075 82.6923076923077 896 9.083868148

1200 1005 83.75 81 8.678316556

1200 1001 83.41666666666666 800 8.636065039

800 755 94.375 956 6.047981718

800 751 93.875 728 5.946658804

800 758 94.75 791 6.04999762

800 753 94.125 272 5.840475884

900 844 93.77777777777779 997 6.944379753

900 844 93.77777777777779 621 6.666430169

800 757 94.625 621 5.994435136

800 753 94.125 160 6.105599469

800 760 95.0 275 5.982182321

800 752 94.0 232 6.071672849

900 844 93.77777777777779 650 6.632081459

900 848 94.22222222222221 45 6.872896405

900 848 94.22222222222221 408 6.530790257

600 572 95.33333333333334 107 5.199060689

900 851 94.55555555555556 822 7.039122025

700 663 94.71428571428572 107 5.67113448

600 574 95.66666666666667 79 4.982097755

600 569 94.83333333333334 502 5.073231725

700 669 95.57142857142857 670 5.282276846

700 659 94.14285714285714 983 5.354843913

384 334 86.97916666666666 948 2.999693521

162 145 89.50617283950618 107 1.293619701

2058 1641 79.73760932944607 168 15.608615433

