1132 893 78.886925795053 359 10.347343377

996 793 79.61847389558233 24 9.299675352

92 88 95.65217391304348 63 1.830690574

840 640 76.19047619047619 1 8.241077846

400 310 77.5 1 4.398517439

1000 926 92.60000000000001 145 15.438736195

1000 935 93.5 446 15.493355389

900 881 97.88888888888889 454 12.930581132

1000 927 92.7 47 15.39935472

900 875 97.22222222222221 216 12.557876071

900 883 98.11111111111111 623 12.969549949

900 898 99.77777777777777 159 12.63783306

900 898 99.77777777777777 195 12.356057233

900 897 99.66666666666667 339 12.100794551

1260 1059 84.04761904761905 885 13.92059792

1260 1040 82.53968253968253 770 13.570429412

1260 1045 82.93650793650794 262 13.767724816

1258 1046 83.14785373608903 994 13.866540709

1258 1036 82.35294117647058 285 14.558551253

1200 1004 83.66666666666667 199 14.283813685

1200 1025 85.41666666666666 813 14.559902233

1300 1104 84.92307692307692 202 15.742504595

1300 1093 84.07692307692308 77 15.773051642

1200 1029 85.75 319 15.088592171

1200 1009 84.08333333333333 288 15.064393544

800 759 94.875 291 10.52720578

800 760 95.0 703 10.502865943

800 762 95.25 341 10.931458926

800 759 94.875 236 10.683252531

900 854 94.88888888888889 249 11.780935274

900 850 94.44444444444444 456 11.291030415

800 759 94.875 723 11.134213577

800 764 95.5 136 10.462575704

800 757 94.625 122 10.180252972

800 762 95.25 877 9.901665707

900 854 94.88888888888889 612 11.310730559

900 851 94.55555555555556 135 11.436170694

900 857 95.22222222222221 545 11.81271632

600 575 95.83333333333334 392 9.003705046

900 860 95.55555555555556 174 11.737360825

700 670 95.71428571428572 63 9.463982546

600 575 95.83333333333334 601 8.178399161

600 573 95.5 458 8.533776237

700 675 96.42857142857143 343 9.231697425

700 667 95.28571428571428 642 9.174150249

384 340 88.54166666666666 545 5.35735074

162 145 89.50617283950618 6 2.007113684

2058 1665 80.90379008746356 793 26.892698113

