1132 892 78.79858657243817 37 11.014221021

996 796 79.91967871485943 132 9.687530443

92 88 95.65217391304348 177 1.599912912

840 638 75.95238095238095 1 8.425793765

400 309 77.25 1 4.363796097

1000 925 92.5 811 15.671732588

1000 926 92.60000000000001 255 15.824289599

900 876 97.33333333333334 290 12.599681471

1000 924 92.4 905 15.659585144

900 885 98.33333333333333 600 12.931901558

900 878 97.55555555555556 104 13.157021028

900 898 99.77777777777777 195 12.080518119

900 896 99.55555555555556 248 12.15633395

900 897 99.66666666666667 146 12.657425272

1260 1036 82.22222222222221 724 13.651900679

1260 1034 82.06349206349206 702 13.93599361

1260 1027 81.5079365079365 809 13.7173305

1258 1041 82.75039745627981 972 13.384583244

1258 1030 81.87599364069952 360 13.511112138

1200 1007 83.91666666666666 715 14.722824166

1200 1012 84.33333333333334 394 14.501364839

1300 1080 83.07692307692308 573 15.585393185

1300 1074 82.61538461538461 865 15.740367154

1200 1006 83.83333333333334 637 15.676982413

1200 997 83.08333333333333 345 15.188033769

800 759 94.875 395 10.236943374

800 759 94.875 724 11.055032224

800 758 94.75 303 10.11838465

800 753 94.125 150 10.524753535

900 848 94.22222222222221 992 12.258033041

900 838 93.11111111111111 851 12.273655773

800 755 94.375 675 10.428168205

800 765 95.625 980 10.243329493

800 754 94.25 408 10.522356343

800 756 94.5 290 10.386103778

900 849 94.33333333333334 289 11.322763482

900 848 94.22222222222221 169 11.528553301

900 847 94.11111111111111 978 11.155505006

600 576 96.0 602 8.364956371

900 853 94.77777777777779 457 11.38922872

700 667 95.28571428571428 310 9.328180457

600 574 95.66666666666667 191 8.110643175

600 577 96.16666666666667 406 8.469460432

700 673 96.14285714285714 542 9.582180726

700 668 95.42857142857143 198 9.305499383

384 340 88.54166666666666 741 4.846012376

162 145 89.50617283950618 20 2.06773233

2058 1659 80.61224489795919 528 27.243714011

