1132 891 78.71024734982332 22 11.075068867

996 795 79.81927710843374 14 9.754385509

92 88 95.65217391304348 78 1.604977352

840 636 75.71428571428571 1 8.074430865

400 309 77.25 1 4.287959122

1000 923 92.30000000000001 854 16.65724103

1000 919 91.9 66 15.781007876

900 878 97.55555555555556 747 12.213478245

1000 930 93.0 48 15.481750849

900 875 97.22222222222221 868 12.208775747

900 873 97.0 158 12.333414524

900 897 99.66666666666667 241 11.980627294

900 897 99.66666666666667 502 12.24756082

900 897 99.66666666666667 193 12.078529026

1260 1031 81.82539682539682 635 13.425054883

1260 1038 82.38095238095238 323 13.407723378

1260 1036 82.22222222222221 480 13.326664265

1258 1044 82.98887122416534 656 13.480262127

1258 1026 81.55802861685216 689 13.794463856

1200 1005 83.75 885 14.347425112

1200 1019 84.91666666666666 174 14.12926785

1300 1087 83.61538461538461 639 16.128089723

1300 1082 83.23076923076923 502 16.128381661

1200 1018 84.83333333333334 619 15.802650313

1200 1003 83.58333333333333 979 15.327939875

800 762 95.25 99 10.235982583

800 755 94.375 650 10.557348729

800 753 94.125 588 9.955898701

800 759 94.875 98 10.1076149

900 855 95.0 829 11.570868581

900 846 94.0 148 11.532915747

800 761 95.125 376 10.248319882

800 763 95.375 239 10.181393601

800 760 95.0 535 10.397869582

800 755 94.375 124 10.967969563

900 844 93.77777777777779 307 11.613162662

900 850 94.44444444444444 955 11.753783189

900 850 94.44444444444444 297 11.144387676

600 574 95.66666666666667 236 8.698449172

900 861 95.66666666666667 292 11.645216238

700 665 95.0 415 9.392326741

600 572 95.33333333333334 285 8.53546079

600 580 96.66666666666667 337 8.530580115

700 675 96.42857142857143 596 9.519186334

700 670 95.71428571428572 677 9.388693015

384 334 86.97916666666666 518 4.932852591

162 145 89.50617283950618 16 2.038336781

2058 1645 79.93197278911565 307 27.103701857

