1132 869 76.76678445229682 609 10.692913098

996 774 77.71084337349397 174 9.423976604

92 81 88.04347826086956 495 1.556432947

840 640 76.19047619047619 1 8.629104945

400 306 76.5 2 4.462594308

1000 906 90.60000000000001 750 16.677287209

1000 898 89.8 547 15.652476545

900 865 96.11111111111111 392 12.609783024

1000 882 88.2 265 15.581858479

900 854 94.88888888888889 270 12.916483261

900 860 95.55555555555556 989 12.580981809

900 886 98.44444444444444 403 12.92120002

900 878 97.55555555555556 984 12.361027266

900 877 97.44444444444444 547 12.472823695

1260 1001 79.44444444444444 877 14.502036013

1260 976 77.46031746031747 226 14.619250064

1260 960 76.19047619047619 766 13.202280935

1258 962 76.47058823529412 137 13.346444797

1258 972 77.26550079491255 406 13.706116486

1200 947 78.91666666666667 982 14.522796391

1200 964 80.33333333333333 401 14.433659463

1300 1042 80.15384615384616 114 16.549313385

1300 1033 79.46153846153847 439 15.835994309

1200 968 80.66666666666666 734 15.626018097

1200 959 79.91666666666667 749 15.526378189

800 736 92.0 843 10.457367696

800 724 90.5 784 10.585175645

800 726 90.75 474 10.646088983

800 734 91.75 617 11.452957851

900 823 91.44444444444444 345 11.57445924

900 815 90.55555555555556 165 12.119512796

800 730 91.25 476 10.533713515

800 726 90.75 718 10.473308801

800 722 90.25 573 11.313557831

800 730 91.25 446 10.80380261

900 823 91.44444444444444 517 11.537339773

900 822 91.33333333333333 324 12.030796668

900 817 90.77777777777779 90 12.017815721

600 541 90.16666666666666 283 8.722153142

900 821 91.22222222222223 68 11.329568254

700 644 92.0 289 9.643104754

600 551 91.83333333333333 98 8.364639563

600 542 90.33333333333333 606 8.685339408

700 647 92.42857142857143 651 9.86486791

700 628 89.71428571428571 602 9.60282134

384 302 78.64583333333334 631 4.853441535

162 140 86.41975308641975 83 1.977706836

2058 1594 77.45383867832848 327 26.624842577

