1132 894 78.97526501766784 173 6.637481738

996 795 79.81927710843374 62 5.521892465

92 86 93.47826086956522 161 1.121629534

840 640 76.19047619047619 1 4.62431467

400 310 77.5 2 2.547656504

1000 919 91.9 885 8.961132054

1000 920 92.0 760 9.292382526

900 878 97.55555555555556 238 7.429856487

1000 913 91.3 897 10.106944698

900 876 97.33333333333334 73 7.757442126

900 875 97.22222222222221 891 7.478106207

900 895 99.44444444444444 65 6.849016503

900 893 99.22222222222223 653 6.917345575

900 893 99.22222222222223 177 7.194479348

1260 1033 81.98412698412699 994 7.703495718

1260 1030 81.74603174603175 787 7.77733018

1260 1040 82.53968253968253 947 8.216214688

1258 1037 82.43243243243244 475 8.009977656

1258 1021 81.16057233704292 742 8.772970194

1200 983 81.91666666666667 271 8.557147571

1200 1015 84.58333333333333 763 8.58173276

1300 1086 83.53846153846153 739 9.067570542

1300 1078 82.92307692307692 730 9.171642665

1200 994 82.83333333333334 854 9.001144255

1200 1000 83.33333333333334 507 8.874135078

800 750 93.75 717 6.026487102

800 756 94.5 401 6.177034391

800 761 95.125 693 5.903864876

800 755 94.375 544 6.239781583

900 851 94.55555555555556 182 6.956948641

900 844 93.77777777777779 869 7.128030249

800 753 94.125 73 6.16047769

800 757 94.625 595 6.077620577

800 753 94.125 705 6.170895807

800 755 94.375 109 5.994598242

900 843 93.66666666666667 844 6.871287575

900 852 94.66666666666667 246 6.887411207

900 854 94.88888888888889 497 6.817298799

600 569 94.83333333333334 979 5.225298391

900 855 95.0 257 6.830888688

700 663 94.71428571428572 499 5.402004842

600 564 94.0 464 5.254802432

600 564 94.0 223 4.968923429

700 663 94.71428571428572 157 5.589382498

700 668 95.42857142857143 187 5.8932028

384 342 89.0625 995 2.993216085

162 145 89.50617283950618 4 1.279013751

2058 1646 79.98056365403305 161 15.604172042

