1132 892 78.79858657243817 625 6.283950034

996 795 79.81927710843374 39 5.810350017

92 88 95.65217391304348 114 1.093224015

840 640 76.19047619047619 1 4.613743034

400 310 77.5 2 2.583993278

1000 920 92.0 269 8.912709401

1000 922 92.2 341 9.211324794

900 875 97.22222222222221 795 7.176704661

1000 926 92.60000000000001 380 9.145884969

900 875 97.22222222222221 94 7.588711086

900 877 97.44444444444444 155 8.12386498

900 892 99.11111111111111 22 6.865880408

900 897 99.66666666666667 988 8.132331419

900 898 99.77777777777777 177 7.54589517

1260 1020 80.95238095238095 907 8.212387786

1260 1034 82.06349206349206 58 8.144679098

1260 1036 82.22222222222221 736 7.86420552

1258 1018 80.9220985691574 318 8.173328523

1258 1015 80.68362480127186 626 7.92599682

1200 995 82.91666666666667 614 8.226616218

1200 1008 84.0 196 8.522001856

1300 1082 83.23076923076923 766 9.37486274

1300 1071 82.38461538461539 715 9.427775273

1200 1002 83.5 391 9.259244041

1200 997 83.08333333333333 345 8.830169366

800 753 94.125 159 6.4905546

800 755 94.375 82 5.916200054

800 761 95.125 213 6.100401237

800 753 94.125 818 5.803326132

900 851 94.55555555555556 591 6.838608771

900 841 93.44444444444444 237 6.596329626

800 757 94.625 622 6.00349812

800 755 94.375 311 6.556394168

800 750 93.75 496 5.965168769

800 753 94.125 556 5.779199065

900 851 94.55555555555556 954 7.578034323

900 843 93.66666666666667 40 7.132152791

900 845 93.88888888888889 220 6.450343079

600 567 94.5 182 5.249115284

900 848 94.22222222222221 291 6.791976793

700 660 94.28571428571428 792 5.649152744

600 570 95.0 180 4.875624568

600 568 94.66666666666667 570 4.814405568

700 670 95.71428571428572 511 5.506772805

700 661 94.42857142857143 580 5.445257502

384 330 85.9375 708 2.920776477

162 145 89.50617283950618 10 1.307453909

2058 1643 79.83479105928085 354 16.109195885

