1132 891 78.71024734982332 20 15.334822186

996 789 79.21686746987952 546 13.539858101

92 87 94.56521739130434 652 2.133983855

840 640 76.19047619047619 1 11.374313203

400 310 77.5 1 5.930314598

1000 929 92.9 320 21.653968137

1000 929 92.9 214 21.635503583

900 882 98.0 107 17.633690452

1000 926 92.60000000000001 336 21.566490234

900 881 97.88888888888889 183 17.234486173

900 882 98.0 83 17.328591816

900 896 99.55555555555556 16 16.757005848

900 898 99.77777777777777 91 16.94255395

900 895 99.44444444444444 136 17.471087604

1260 1058 83.96825396825398 367 18.845451441

1260 1048 83.17460317460318 666 19.053268168

1260 1051 83.41269841269842 252 18.87157358

1258 1044 82.98887122416534 853 18.621569205

1258 1036 82.35294117647058 351 18.681899949

1200 1011 84.25 457 21.079000632

1200 1018 84.83333333333334 911 20.311350391

1300 1098 84.46153846153847 560 22.093977979

1300 1087 83.61538461538461 448 22.121557892

1200 1025 85.41666666666666 690 21.45134061

1200 1008 84.0 823 21.572732078

800 759 94.875 94 14.535636983

800 763 95.375 197 14.958078463

800 759 94.875 209 14.368819984

800 759 94.875 68 14.298727609

900 854 94.88888888888889 418 16.163819109

900 848 94.22222222222221 838 16.433922123

800 758 94.75 84 14.655010041

800 760 95.0 364 14.140406472

800 760 95.0 804 14.128278164

800 764 95.5 773 14.779619613

900 855 95.0 902 16.095631939

900 848 94.22222222222221 80 16.54975232

900 854 94.88888888888889 201 15.843559863

600 579 96.5 329 11.985566926

900 854 94.88888888888889 826 15.767008044

700 667 95.28571428571428 271 12.88334932

600 572 95.33333333333334 635 12.074906369

600 573 95.5 230 12.235838828

700 673 96.14285714285714 579 13.248276303

700 671 95.85714285714285 399 13.441116547

384 338 88.02083333333334 333 6.931281961

162 143 88.27160493827161 5 2.996281018

2058 1653 80.32069970845481 562 35.476975327

