1132 882 77.91519434628975 720 10.370792989

996 766 76.90763052208835 154 9.408455736

92 82 89.13043478260869 950 1.594799886

840 634 75.47619047619048 1 8.104633925

400 306 76.5 1 4.353275165

1000 902 90.2 114 15.445212996

1000 903 90.3 565 16.233229847

900 858 95.33333333333334 459 12.383938957

1000 893 89.3 329 15.4686584

900 864 96.0 527 13.06110541

900 864 96.0 958 12.919211841

900 881 97.88888888888889 898 11.86360467

900 884 98.22222222222223 505 11.94271448

900 882 98.0 14 11.86620033

1260 987 78.33333333333333 841 13.432105493

1260 1001 79.44444444444444 765 14.44659215

1260 972 77.14285714285715 615 13.177338157

1258 991 78.7758346581876 630 13.87886693

1258 965 76.70906200317965 108 13.878608801

1200 973 81.08333333333333 197 14.829489567

1200 971 80.91666666666667 366 14.576886471

1300 1038 79.84615384615384 36 15.675924734

1300 1043 80.23076923076923 241 16.01707004

1200 971 80.91666666666667 762 15.051669957

1200 953 79.41666666666667 965 15.479156193

800 741 92.625 921 10.727565082

800 745 93.125 308 10.757015571

800 729 91.125 566 10.297546558

800 733 91.625 941 10.07110731

900 817 90.77777777777779 746 11.490647803

900 816 90.66666666666666 522 11.512784244

800 739 92.375 85 10.264760739

800 746 93.25 144 10.275398879

800 725 90.625 430 10.319653215

800 731 91.375 17 10.323416784

900 820 91.11111111111111 66 11.405880318

900 819 91.0 991 11.939328769

900 824 91.55555555555556 767 11.855107336

600 557 92.83333333333333 90 8.870972941

900 818 90.88888888888889 54 11.779755766

700 646 92.28571428571428 261 9.382895187

600 560 93.33333333333333 935 8.215346061

600 556 92.66666666666666 83 9.170213701

700 644 92.0 555 9.277895602

700 646 92.28571428571428 660 9.457473662

384 316 82.29166666666666 166 5.229932131

162 141 87.03703703703704 16 2.021478559

2058 1585 77.01652089407192 94 25.629902593

