1132 891 78.71024734982332 125 15.488951154

996 796 79.91967871485943 160 13.289615149

92 81 88.04347826086956 79 2.150467399

840 634 75.47619047619048 1 11.558362949

400 309 77.25 1 5.890750134

1000 907 90.7 479 21.581014622

1000 909 90.9 103 21.816728601

900 871 96.77777777777777 511 17.624893717

1000 912 91.2 814 22.052009544

900 876 97.33333333333334 612 18.15194303

900 868 96.44444444444444 57 18.271895744

900 892 99.11111111111111 506 17.704645901

900 894 99.33333333333333 132 17.358668895

900 888 98.66666666666667 558 17.345693077

1260 1011 80.23809523809524 525 20.100360156

1260 1031 81.82539682539682 656 19.772481171

1260 1012 80.31746031746032 258 20.32104117

1258 1016 80.7631160572337 356 21.050885533

1258 1033 82.11446740858506 712 19.731742983

1200 978 81.5 878 21.947323197

1200 1011 84.25 885 21.091961247

1300 1056 81.23076923076923 280 23.089464734

1300 1078 82.92307692307692 997 23.467696522

1200 1007 83.91666666666666 143 22.653069152

1200 1003 83.58333333333333 75 21.106590605

800 745 93.125 119 14.342102836

800 753 94.125 325 14.403192754

800 755 94.375 459 14.617519689

800 756 94.5 99 15.028050048

900 848 94.22222222222221 482 16.997535118

900 836 92.88888888888889 661 16.710401852

800 750 93.75 721 15.141308534

800 753 94.125 396 15.145440127

800 751 93.875 782 14.84482497

800 744 93.0 941 15.471568398

900 846 94.0 633 16.136859402

900 838 93.11111111111111 494 16.171930962

900 847 94.11111111111111 66 16.826895484

600 567 94.5 780 12.108389024

900 845 93.88888888888889 428 16.439807988

700 656 93.71428571428572 526 13.450972147

600 562 93.66666666666667 907 12.080116402

600 559 93.16666666666666 531 12.268046297

700 662 94.57142857142857 144 13.226502743

700 648 92.57142857142857 386 13.31275077

384 324 84.375 866 6.784219284

162 145 89.50617283950618 17 2.882525393

2058 1657 80.51506316812439 999 36.817545245

