1132 894 78.97526501766784 65 15.031626533

996 793 79.61847389558233 18 13.657954436

92 88 95.65217391304348 145 2.209720626

840 640 76.19047619047619 1 11.834538483

400 307 76.75 2 6.182781198

1000 929 92.9 562 21.586547228

1000 932 93.2 291 21.656922229

900 885 98.33333333333333 985 18.020978548

1000 930 93.0 236 21.786820603

900 878 97.55555555555556 747 17.915128691

900 887 98.55555555555556 792 17.487469844

900 898 99.77777777777777 40 16.619364096

900 899 99.8888888888889 260 16.72886393

900 898 99.77777777777777 221 17.093192634

1260 1064 84.44444444444444 190 19.21645343

1260 1059 84.04761904761905 957 19.594482236

1260 1033 81.98412698412699 878 19.287652001

1258 1042 82.82988871224165 527 19.759700066

1258 1049 83.38632750397457 489 18.731774505

1200 1017 84.75 392 20.308975614

1200 1023 85.25 224 20.861935173

1300 1102 84.76923076923077 75 23.379830953

1300 1082 83.23076923076923 533 22.513628504

1200 1015 84.58333333333333 908 20.820987414

1200 1018 84.83333333333334 753 21.33008743

800 762 95.25 261 14.064738442

800 760 95.0 456 14.335464606

800 763 95.375 226 13.970840515

800 758 94.75 151 14.431679747

900 855 95.0 94 16.00650974

900 849 94.33333333333334 392 16.34869314

800 763 95.375 383 14.393487278

800 764 95.5 384 14.585609256

800 758 94.75 435 14.463829484

800 760 95.0 343 14.52731373

900 848 94.22222222222221 439 15.941229715

900 856 95.11111111111111 963 16.148140273

900 856 95.11111111111111 801 16.602950884

600 572 95.33333333333334 241 11.895816431

900 859 95.44444444444444 330 16.154448424

700 670 95.71428571428572 145 13.171662297

600 574 95.66666666666667 91 11.664171099

600 574 95.66666666666667 544 12.038945056

700 675 96.42857142857143 973 13.25582273

700 670 95.71428571428572 675 13.082653352

384 336 87.5 360 6.875538489

162 145 89.50617283950618 58 2.759493762

2058 1665 80.90379008746356 281 37.272859765

