1132 892 78.79858657243817 23 14.801986281

996 793 79.61847389558233 19 13.813900737

92 86 93.47826086956522 14 2.107682169

840 638 75.95238095238095 1 11.79232223

400 307 76.75 1 6.260735925

1000 934 93.4 924 21.65548562

1000 929 92.9 594 22.384506692

900 884 98.22222222222223 591 17.528522919

1000 930 93.0 596 21.39223792

900 876 97.33333333333334 989 17.341358586

900 888 98.66666666666667 644 17.35098528

900 898 99.77777777777777 56 17.34039189

900 896 99.55555555555556 405 17.114761179

900 897 99.66666666666667 357 16.989386809

1260 1053 83.57142857142857 73 18.762100369

1260 1059 84.04761904761905 982 20.333510402

1260 1044 82.85714285714286 588 19.003154693

1258 1060 84.26073131955485 187 18.895043039

1258 1058 84.10174880763115 482 19.753945499

1200 1019 84.91666666666666 475 21.449551616

1200 1017 84.75 506 21.409214922

1300 1109 85.3076923076923 464 22.412895728

1300 1103 84.84615384615385 549 23.108018281

1200 1030 85.83333333333333 497 22.477317247

1200 1021 85.08333333333333 498 22.404946137

800 763 95.375 713 15.398144786

800 762 95.25 657 15.278124602

800 760 95.0 138 15.665656169

800 759 94.875 296 14.707284936

900 853 94.77777777777779 82 17.740457832

900 849 94.33333333333334 777 16.632751944

800 766 95.75 372 15.751471781

800 766 95.75 361 14.790811793

800 761 95.125 211 15.522020062

800 764 95.5 573 14.401953751

900 857 95.22222222222221 513 16.401154442

900 860 95.55555555555556 887 17.02424165

900 856 95.11111111111111 309 17.3099504

600 580 96.66666666666667 594 12.398305325

900 862 95.77777777777777 104 16.685029358

700 674 96.28571428571429 884 13.627379659

600 577 96.16666666666667 337 11.793139112

600 580 96.66666666666667 216 11.979626169

700 674 96.28571428571429 563 13.592799577

700 670 95.71428571428572 766 12.95129226

384 343 89.32291666666666 415 6.896992709

162 145 89.50617283950618 28 3.014160691

2058 1689 82.06997084548105 441 36.390811712

