1132 860 75.97173144876325 754 6.063510648

996 759 76.20481927710844 298 5.429722249

92 71 77.17391304347827 149 1.059203406

840 638 75.95238095238095 1 4.796552853

400 310 77.5 1 2.58479013

1000 887 88.7 198 9.252962523

1000 865 86.5 977 9.568410272

900 843 93.66666666666667 380 7.299888105

1000 886 88.6 730 9.082076109

900 845 93.88888888888889 561 7.147084418

900 854 94.88888888888889 751 7.253104265

900 871 96.77777777777777 473 6.999415656

900 872 96.88888888888889 214 7.352993742

900 884 98.22222222222223 400 7.235403509

1260 948 75.23809523809524 881 7.727465768

1260 978 77.61904761904762 458 8.068587226

1260 945 75.0 739 7.89667088

1258 943 74.96025437201908 852 8.09019813

1258 973 77.34499205087441 510 7.917714136

1200 938 78.16666666666666 281 8.582482584

1200 916 76.33333333333333 362 8.629549475

1300 1005 77.3076923076923 553 9.392364826

1300 983 75.61538461538461 553 9.17739777

1200 920 76.66666666666667 370 8.762060692

1200 952 79.33333333333333 209 9.108499425

800 712 89.0 83 6.164807307

800 724 90.5 868 5.949254011

800 717 89.625 285 6.048688295

800 711 88.875 255 6.220615848

900 805 89.44444444444444 539 6.901361398

900 784 87.1111111111111 96 6.636827058

800 726 90.75 51 6.332177299

800 695 86.875 176 6.871810227

800 727 90.875 248 6.343524199

800 709 88.625 435 6.489660969

900 806 89.55555555555556 192 6.934211325

900 816 90.66666666666666 699 6.987713084

900 811 90.11111111111111 364 7.113162263

600 536 89.33333333333333 858 5.090320804

900 804 89.33333333333333 330 6.697556468

700 633 90.42857142857143 584 5.444621852

600 546 91.0 521 4.86378732

600 544 90.66666666666666 375 5.388399283

700 616 88.0 362 5.497925244

700 614 87.71428571428571 591 5.489479324

384 288 75.0 308 2.938612961

162 135 83.33333333333334 101 1.265669612

2058 1566 76.0932944606414 859 15.432311709

