1132 894 78.97526501766784 815 15.384555014

996 796 79.91967871485943 46 12.929044421

92 88 95.65217391304348 213 2.067605793

840 640 76.19047619047619 1 11.745378336

400 308 77.0 1 5.825950557

1000 928 92.80000000000001 335 22.908090131

1000 923 92.30000000000001 738 22.178711074

900 880 97.77777777777777 18 17.232513615

1000 926 92.60000000000001 637 21.770953539

900 876 97.33333333333334 696 17.27728031

900 883 98.11111111111111 64 17.534958273

900 898 99.77777777777777 831 16.62395646

900 899 99.8888888888889 195 16.760988641

900 899 99.8888888888889 146 16.941785298

1260 1039 82.46031746031746 356 19.098513241

1260 1037 82.3015873015873 393 19.155879947

1260 1028 81.58730158730158 732 18.759533269

1258 1030 81.87599364069952 535 19.137283912

1258 1038 82.51192368839428 660 19.099462625

1200 1004 83.66666666666667 781 20.195645654

1200 1014 84.5 559 20.425123647

1300 1078 82.92307692307692 310 21.774878907

1300 1077 82.84615384615385 925 22.592870468

1200 1012 84.33333333333334 810 21.000532258

1200 1005 83.75 589 21.344526717

800 758 94.75 320 14.247037805

800 758 94.75 640 14.444139844

800 757 94.625 781 14.340844943

800 753 94.125 642 14.061248504

900 850 94.44444444444444 148 16.447730266

900 847 94.11111111111111 269 16.083104334

800 756 94.5 279 14.497811212

800 756 94.5 374 14.356593825

800 754 94.25 699 14.195283803

800 749 93.625 487 14.099164137

900 848 94.22222222222221 289 16.006420314

900 849 94.33333333333334 233 16.20233702

900 849 94.33333333333334 423 16.137430212

600 574 95.66666666666667 104 12.262464151

900 851 94.55555555555556 474 16.20142936

700 670 95.71428571428572 64 12.833352222

600 573 95.5 943 11.649022666

600 573 95.5 328 11.781818497

700 669 95.57142857142857 581 12.822136307

700 667 95.28571428571428 848 13.256399808

384 334 86.97916666666666 115 6.781840017

162 145 89.50617283950618 4 2.804389883

2058 1647 80.02915451895043 122 36.284025783

