1132 891 78.71024734982332 777 10.88975396

996 796 79.91967871485943 19 9.177998674

92 88 95.65217391304348 54 1.540011627

840 640 76.19047619047619 1 8.149959073

400 308 77.0 2 4.222354304

1000 923 92.30000000000001 331 15.490618383

1000 925 92.5 706 15.504022808

900 879 97.66666666666667 384 12.241902451

1000 925 92.5 366 16.364137231

900 877 97.44444444444444 704 12.433920941

900 878 97.55555555555556 551 12.727434537

900 899 99.8888888888889 678 12.347077913

900 896 99.55555555555556 126 12.460976355

900 898 99.77777777777777 174 12.743276249

1260 1040 82.53968253968253 880 14.263824497

1260 1038 82.38095238095238 132 13.906825013

1260 1031 81.82539682539682 88 13.476089029

1258 1020 81.08108108108108 257 13.536321998

1258 1035 82.27344992050874 222 13.330985798

1200 1015 84.58333333333333 781 14.667971251

1200 1016 84.66666666666667 908 14.34480637

1300 1093 84.07692307692308 652 16.668831755

1300 1079 83.0 257 15.850078576

1200 1023 85.25 525 15.342419949

1200 1000 83.33333333333334 123 15.119442306

800 760 95.0 419 9.730631018

800 754 94.25 223 10.248193605

800 760 95.0 579 9.867823907

800 760 95.0 199 10.063067069

900 853 94.77777777777779 376 11.401865501

900 846 94.0 178 11.468571896

800 753 94.125 217 10.223873544

800 763 95.375 517 10.476027754

800 757 94.625 963 10.254287

800 759 94.875 351 10.147153399

900 852 94.66666666666667 650 12.123741673

900 850 94.44444444444444 219 11.494305145

900 853 94.77777777777779 804 11.36671537

600 574 95.66666666666667 204 8.363371845

900 849 94.33333333333334 444 11.367006065

700 667 95.28571428571428 766 9.133669919

600 577 96.16666666666667 386 8.899218473

600 576 96.0 116 8.912898681

700 665 95.0 576 9.673531615

700 670 95.71428571428572 241 9.644236428

384 333 86.71875 556 4.968408958

162 145 89.50617283950618 23 2.045909432

2058 1631 79.25170068027211 649 25.472432802

