1132 892 78.79858657243817 455 10.833514959

996 796 79.91967871485943 26 9.471927076

92 87 94.56521739130434 113 1.561824692

840 640 76.19047619047619 1 8.828309184

400 310 77.5 1 4.490844859

1000 920 92.0 733 15.640831849

1000 917 91.7 326 15.431470777

900 872 96.88888888888889 58 12.480551241

1000 923 92.30000000000001 456 15.392032886

900 879 97.66666666666667 326 12.693124945

900 873 97.0 165 13.287575376

900 896 99.55555555555556 769 12.418733903

900 894 99.33333333333333 168 12.338681588

900 897 99.66666666666667 143 12.253367927

1260 1023 81.19047619047619 424 13.596462433

1260 1033 81.98412698412699 315 13.409441492

1260 1026 81.42857142857143 818 13.409947215

1258 1025 81.4785373608903 72 14.070052428

1258 1027 81.637519872814 574 13.786382181

1200 1002 83.5 339 14.205698337

1200 1011 84.25 31 14.421356007

1300 1076 82.76923076923077 153 15.873936371

1300 1074 82.61538461538461 210 16.796474073

1200 1000 83.33333333333334 169 15.538705683

1200 1003 83.58333333333333 198 14.842122172

800 759 94.875 857 10.053488075

800 752 94.0 314 10.588800439

800 750 93.75 189 10.037095591

800 752 94.0 277 10.501801673

900 849 94.33333333333334 267 11.280790501

900 845 93.88888888888889 267 11.647850771

800 754 94.25 151 10.322881173

800 760 95.0 386 10.830587705

800 752 94.0 119 10.356360499

800 753 94.125 631 10.547792637

900 848 94.22222222222221 363 11.758671478

900 845 93.88888888888889 293 11.485190178

900 846 94.0 651 11.689093471

600 572 95.33333333333334 214 8.831979234

900 851 94.55555555555556 966 11.722457379

700 664 94.85714285714286 348 9.84250646

600 570 95.0 338 8.329164625

600 569 94.83333333333334 683 8.593553871

700 664 94.85714285714286 522 9.039909939

700 664 94.85714285714286 282 9.196238278

384 338 88.02083333333334 910 4.819060302

162 145 89.50617283950618 5 2.489617276

2058 1637 79.54324586977648 385 25.15090366

