1132 892 78.79858657243817 77 6.241239355

996 794 79.71887550200803 540 5.856309564

92 88 95.65217391304348 35 1.117997386

840 640 76.19047619047619 1 5.291636383

400 308 77.0 1 2.604960211

1000 922 92.2 283 9.416209111

1000 917 91.7 101 9.069928724

900 870 96.66666666666667 379 7.513661929

1000 916 91.60000000000001 272 9.152166225

900 870 96.66666666666667 238 7.329666347

900 871 96.77777777777777 220 7.85026233

900 896 99.55555555555556 116 7.127340694

900 897 99.66666666666667 367 7.121327471

900 896 99.55555555555556 44 7.20926955

1260 1019 80.87301587301587 880 8.099140486

1260 1039 82.46031746031746 444 8.251819976

1260 1022 81.11111111111111 900 7.861962779

1258 1030 81.87599364069952 149 7.927358459

1258 1020 81.08108108108108 200 8.436482765

1200 995 82.91666666666667 698 8.942398564

1200 1011 84.25 52 8.547144658

1300 1088 83.6923076923077 274 9.397223619

1300 1075 82.6923076923077 500 9.637091061

1200 1007 83.91666666666666 112 8.727401956

1200 991 82.58333333333333 258 8.963523096

800 761 95.125 408 5.818986638

800 754 94.25 788 6.140236366

800 749 93.625 90 5.809334117

800 752 94.0 755 5.912124787

900 849 94.33333333333334 85 7.087972475

900 845 93.88888888888889 478 7.011401433

800 755 94.375 149 6.388062307

800 757 94.625 205 6.226295016

800 748 93.5 663 6.127999658

800 748 93.5 371 5.843618372

900 845 93.88888888888889 818 6.738731953

900 845 93.88888888888889 876 6.744672331

900 852 94.66666666666667 591 7.171974639

600 564 94.0 208 4.966413883

900 855 95.0 347 7.144293758

700 659 94.14285714285714 805 5.38290766

600 571 95.16666666666667 681 5.105428857

600 575 95.83333333333334 922 4.933641178

700 669 95.57142857142857 448 5.506145916

700 662 94.57142857142857 582 5.463510873

384 332 86.45833333333334 147 2.829623196

162 143 88.27160493827161 901 1.391004487

2058 1637 79.54324586977648 855 15.681472324

