1132 889 78.53356890459364 118 6.284278818

996 795 79.81927710843374 60 5.319730019

92 88 95.65217391304348 138 1.10008532

840 640 76.19047619047619 1 5.166223043

400 308 77.0 1 2.633988117

1000 927 92.7 674 9.909544115

1000 917 91.7 351 9.355972739

900 862 95.77777777777777 218 7.634988143

1000 922 92.2 429 9.524476853

900 882 98.0 909 7.753255399

900 876 97.33333333333334 506 7.377931049

900 894 99.33333333333333 459 7.092541007

900 895 99.44444444444444 927 7.566259107

900 894 99.33333333333333 852 6.965121771

1260 1020 80.95238095238095 474 7.869458361

1260 1035 82.14285714285714 905 7.84564365

1260 1038 82.38095238095238 678 7.720908992

1258 1036 82.35294117647058 239 8.114125152

1258 1038 82.51192368839428 952 7.905790683

1200 1007 83.91666666666666 629 8.657286738

1200 1016 84.66666666666667 263 8.351967041

1300 1086 83.53846153846153 110 9.341112473

1300 1087 83.61538461538461 635 9.63363266

1200 1014 84.5 422 8.71052967

1200 1001 83.41666666666666 373 8.845380249

800 757 94.625 134 5.819077254

800 760 95.0 119 6.054392385

800 759 94.875 918 5.846302579

800 753 94.125 20 6.124970883

900 853 94.77777777777779 348 6.56450385

900 849 94.33333333333334 110 6.703083123

800 758 94.75 919 6.263160471

800 759 94.875 948 5.935867623

800 752 94.0 96 5.979771367

800 762 95.25 751 5.889293942

900 846 94.0 493 6.648612502

900 849 94.33333333333334 997 6.648179528

900 849 94.33333333333334 806 6.615625033

600 573 95.5 439 4.948402149

900 861 95.66666666666667 831 6.832141252

700 669 95.57142857142857 53 5.565092722

600 575 95.83333333333334 334 4.691157773

600 579 96.5 608 5.182756391

700 669 95.57142857142857 246 5.590839661

700 663 94.71428571428572 118 5.702788728

384 338 88.02083333333334 406 2.857111661

162 145 89.50617283950618 14 1.303467125

2058 1635 79.44606413994168 767 15.422573325

