1132 893 78.886925795053 42 6.451326595

996 795 79.81927710843374 283 5.974326175

92 88 95.65217391304348 142 1.115490355

840 640 76.19047619047619 1 5.20691512

400 310 77.5 2 2.628617228

1000 917 91.7 262 8.965434524

1000 916 91.60000000000001 503 9.013599204

900 876 97.33333333333334 712 7.008499911

1000 925 92.5 519 9.460036827

900 873 97.0 36 7.999554006

900 876 97.33333333333334 397 7.192189954

900 893 99.22222222222223 140 6.839793633

900 896 99.55555555555556 627 6.949286086

900 896 99.55555555555556 654 7.008280533

1260 1025 81.34920634920636 163 7.757704058

1260 1029 81.66666666666667 412 7.859023594

1260 1027 81.5079365079365 912 8.455210818

1258 1020 81.08108108108108 814 7.62748329

1258 1023 81.31955484896662 332 8.071669765

1200 990 82.5 193 8.229955078

1200 1003 83.58333333333333 356 8.715536564

1300 1082 83.23076923076923 663 9.389239145

1300 1086 83.53846153846153 178 9.032654095

1200 1005 83.75 492 9.273257095

1200 998 83.16666666666667 386 9.18807528

800 752 94.0 350 6.166239697

800 753 94.125 293 5.891572612

800 754 94.25 515 5.939321007

800 754 94.25 423 6.011689634

900 853 94.77777777777779 219 6.571095163

900 842 93.55555555555556 891 7.198869503

800 758 94.75 187 5.882939934

800 756 94.5 163 6.028479974

800 751 93.875 243 5.922269254

800 754 94.25 150 6.04080859

900 844 93.77777777777779 214 6.634599324

900 850 94.44444444444444 41 6.905063924

900 840 93.33333333333333 387 6.582853505

600 573 95.5 558 5.360747724

900 850 94.44444444444444 472 6.599389022

700 669 95.57142857142857 405 5.379924153

600 574 95.66666666666667 583 4.80606339

600 571 95.16666666666667 337 5.127550397

700 663 94.71428571428572 450 5.506673307

700 665 95.0 493 5.381331579

384 328 85.41666666666666 428 2.799278578

162 145 89.50617283950618 27 1.240176089

2058 1649 80.12633624878522 867 15.401393374

