1132 892 78.79858657243817 725 15.836883885

996 794 79.71887550200803 451 13.592987949

92 86 93.47826086956522 26 2.127978417

840 638 75.95238095238095 1 11.587577709

400 309 77.25 1 6.201547287

1000 915 91.5 458 22.084172

1000 923 92.30000000000001 217 23.388676136

900 869 96.55555555555554 971 18.150881463

1000 917 91.7 282 22.79598009

900 881 97.88888888888889 949 19.644156992

900 876 97.33333333333334 844 17.440445395

900 899 99.8888888888889 73 16.66626598

900 897 99.66666666666667 362 16.912835404

900 897 99.66666666666667 644 17.030292116

1260 1049 83.25396825396825 395 19.287295242

1260 1037 82.3015873015873 214 19.873735356

1260 1024 81.26984126984127 471 19.896662752

1258 1033 82.11446740858506 981 18.699136213

1258 1033 82.11446740858506 938 19.364625931

1200 1000 83.33333333333334 323 20.245092713

1200 1012 84.33333333333334 530 20.313448405

1300 1095 84.23076923076923 905 22.487827705

1300 1085 83.46153846153847 170 22.592209743

1200 1012 84.33333333333334 817 22.394279958

1200 995 82.91666666666667 885 21.096578505

800 752 94.0 321 15.123986814

800 755 94.375 357 15.113313472

800 750 93.75 706 13.948411574

800 756 94.5 543 14.755023209

900 855 95.0 64 15.996189634

900 848 94.22222222222221 816 16.943906727

800 756 94.5 718 15.024807294

800 759 94.875 303 14.986786011

800 754 94.25 695 15.068779706

800 756 94.5 376 15.567973937

900 847 94.11111111111111 640 16.317109976

900 847 94.11111111111111 149 16.903445598

900 849 94.33333333333334 63 16.479787596

600 565 94.16666666666667 111 12.324998184

900 848 94.22222222222221 815 16.413835747

700 672 96.0 932 13.992695278

600 562 93.66666666666667 726 12.568301766

600 574 95.66666666666667 39 12.572400834

700 663 94.71428571428572 480 12.886999082

700 664 94.85714285714286 310 13.468956638

384 342 89.0625 926 6.685281927

162 143 88.27160493827161 15 2.989175613

2058 1629 79.1545189504373 723 37.627316034

