1132 892 78.79858657243817 38 14.530593771

996 796 79.91967871485943 15 13.525705195

92 88 95.65217391304348 111 2.092149938

840 640 76.19047619047619 1 11.677572882

400 310 77.5 1 5.914592949

1000 921 92.10000000000001 40 21.865187299

1000 926 92.60000000000001 701 21.567526103

900 881 97.88888888888889 951 17.663104042

1000 923 92.30000000000001 780 21.872945531

900 875 97.22222222222221 557 17.239299595

900 882 98.0 280 17.569218051

900 898 99.77777777777777 218 17.050607956

900 899 99.8888888888889 476 16.85808041

900 896 99.55555555555556 188 16.814354152

1260 1042 82.6984126984127 125 19.126081488

1260 1033 81.98412698412699 389 19.121533653

1260 1019 80.87301587301587 218 18.700338254

1258 1046 83.14785373608903 640 19.008929111

1258 1029 81.79650238473768 207 18.805368448

1200 1009 84.08333333333333 250 20.964421916

1200 1023 85.25 322 19.961535238

1300 1093 84.07692307692308 672 22.222946543

1300 1087 83.61538461538461 533 21.970729682

1200 1024 85.33333333333334 439 21.290355524

1200 1008 84.0 682 21.139170792

800 763 95.375 601 14.089213514

800 759 94.875 129 14.767009494

800 759 94.875 565 14.540807228

800 757 94.625 81 14.591004788

900 853 94.77777777777779 862 15.916162076

900 849 94.33333333333334 104 16.065792746

800 753 94.125 104 14.341722274

800 765 95.625 685 14.582093848

800 751 93.875 514 14.359540209

800 760 95.0 383 14.126054833

900 850 94.44444444444444 198 15.888642465

900 848 94.22222222222221 174 16.078094344

900 855 95.0 454 15.826718791

600 578 96.33333333333334 711 11.862759399

900 862 95.77777777777777 609 16.160176078

700 668 95.42857142857143 823 12.948756653

600 572 95.33333333333334 299 11.474311245

600 577 96.16666666666667 205 11.702547787

700 673 96.14285714285714 334 13.228888665

700 668 95.42857142857143 742 12.787967645

384 336 87.5 414 6.889089078

162 145 89.50617283950618 156 2.734133514

2058 1665 80.90379008746356 434 36.171232881

