1132 892 78.79858657243817 111 10.86344487

996 795 79.81927710843374 240 9.210682461

92 88 95.65217391304348 66 1.591114694

840 640 76.19047619047619 1 8.145098903

400 309 77.25 1 4.770417034

1000 928 92.80000000000001 571 16.455505044

1000 924 92.4 798 15.814313143

900 882 98.0 272 12.54969856

1000 931 93.10000000000001 749 15.455988228

900 873 97.0 447 12.155423946

900 874 97.11111111111111 927 12.729469821

900 895 99.44444444444444 37 11.837105283

900 896 99.55555555555556 283 12.16836228

900 899 99.8888888888889 694 12.384314315

1260 1039 82.46031746031746 189 13.807503216

1260 1041 82.61904761904762 799 14.597851309

1260 1034 82.06349206349206 974 13.936355169

1258 1023 81.31955484896662 891 15.048928457

1258 1044 82.98887122416534 374 14.496858681

1200 1011 84.25 225 15.871947196

1200 1020 85.0 593 15.002085783

1300 1096 84.3076923076923 441 17.5350336

1300 1078 82.92307692307692 957 15.69479209

1200 1012 84.33333333333334 200 15.814262706

1200 999 83.25 125 14.959960125

800 752 94.0 82 9.831529257

800 760 95.0 554 10.146027151

800 757 94.625 713 9.978362664

800 760 95.0 972 9.929270674

900 854 94.88888888888889 690 11.285643122

900 847 94.11111111111111 473 11.676629974

800 757 94.625 622 10.219790951

800 762 95.25 150 10.221441858

800 758 94.75 860 10.83422347

800 755 94.375 474 10.685649414

900 854 94.88888888888889 564 12.042212722

900 839 93.22222222222221 285 11.44898593

900 854 94.88888888888889 944 11.368233467

600 579 96.5 291 8.614413171

900 856 95.11111111111111 436 11.522344689

700 664 94.85714285714286 660 9.567636872

600 572 95.33333333333334 944 8.319341454

600 574 95.66666666666667 570 8.502037039

700 672 96.0 174 9.357064951

700 663 94.71428571428572 597 9.154783512

384 342 89.0625 888 5.214528933

162 143 88.27160493827161 337 2.001406225

2058 1653 80.32069970845481 667 25.594145655

