1132 892 78.79858657243817 218 6.286464215

996 795 79.81927710843374 178 5.670334171

92 88 95.65217391304348 280 1.109110997

840 640 76.19047619047619 1 4.67342074

400 308 77.0 1 2.552634518

1000 933 93.30000000000001 748 9.040298566

1000 918 91.8 117 8.956435126

900 878 97.55555555555556 502 7.235314561

1000 937 93.7 201 9.379857988

900 876 97.33333333333334 232 7.274051437

900 882 98.0 144 7.145578041

900 896 99.55555555555556 452 6.874797115

900 895 99.44444444444444 374 7.127038593

900 898 99.77777777777777 395 6.980230678

1260 1043 82.77777777777777 406 7.656242758

1260 1037 82.3015873015873 710 7.606681844

1260 1042 82.6984126984127 581 7.835325541

1258 1035 82.27344992050874 61 7.939507479

1258 1030 81.87599364069952 529 7.762777155

1200 1000 83.33333333333334 566 8.467158498

1200 1021 85.08333333333333 778 8.353521403

1300 1087 83.61538461538461 722 9.119661417

1300 1085 83.46153846153847 393 9.502099412

1200 1009 84.08333333333333 246 8.630141539

1200 1013 84.41666666666666 781 8.645561382

800 758 94.75 70 5.761447272

800 757 94.625 162 5.903483231

800 761 95.125 575 5.966126442

800 757 94.625 281 6.093538281

900 852 94.66666666666667 554 6.584377713

900 850 94.44444444444444 303 6.496092053

800 759 94.875 885 5.970896341

800 761 95.125 835 6.177034956

800 753 94.125 289 6.64020659

800 748 93.5 350 6.191452402

900 852 94.66666666666667 250 6.578079848

900 852 94.66666666666667 528 6.730642112

900 855 95.0 675 6.941272132

600 574 95.66666666666667 789 5.19394801

900 859 95.44444444444444 556 6.473196627

700 667 95.28571428571428 473 5.77740691

600 570 95.0 322 4.959116741

600 570 95.0 817 5.076777945

700 661 94.42857142857143 253 5.344998031

700 665 95.0 434 5.604043698

384 338 88.02083333333334 331 3.08973755

162 145 89.50617283950618 52 1.238658863

2058 1645 79.93197278911565 75 15.605929267

