1132 891 78.71024734982332 197 6.14679707

996 792 79.51807228915662 77 5.400866093

92 88 95.65217391304348 151 1.118255664

840 640 76.19047619047619 1 4.711101193

400 310 77.5 2 2.561788797

1000 921 92.10000000000001 513 9.004892032

1000 920 92.0 192 9.152664442

900 880 97.77777777777777 483 7.11142822

1000 925 92.5 142 9.210483727

900 875 97.22222222222221 441 7.105537975

900 879 97.66666666666667 946 7.273707882

900 895 99.44444444444444 635 6.997015154

900 892 99.11111111111111 686 6.927478071

900 897 99.66666666666667 576 6.810649423

1260 1030 81.74603174603175 867 7.970615766

1260 1023 81.19047619047619 196 7.84848589

1260 1017 80.71428571428572 160 7.990273458

1258 1025 81.4785373608903 131 8.292357497

1258 1018 80.9220985691574 180 8.008372414

1200 995 82.91666666666667 227 8.544385247

1200 1007 83.91666666666666 701 8.512304834

1300 1070 82.3076923076923 502 9.101604051

1300 1074 82.61538461538461 390 9.301083783

1200 1002 83.5 913 9.131406426

1200 993 82.75 468 8.80640171

800 757 94.625 200 6.319763458

800 753 94.125 88 6.107419297

800 755 94.375 687 5.845964605

800 751 93.875 858 6.033351228

900 851 94.55555555555556 840 6.709279133

900 847 94.11111111111111 574 7.293988557

800 755 94.375 36 6.416235415

800 752 94.0 778 5.947315345

800 751 93.875 558 6.209821555

800 752 94.0 710 5.953944929

900 839 93.22222222222221 374 6.73503073

900 839 93.22222222222221 977 6.569744173

900 839 93.22222222222221 95 6.773540598

600 568 94.66666666666667 499 4.902084436

900 848 94.22222222222221 319 6.525310124

700 663 94.71428571428572 41 5.500944401

600 568 94.66666666666667 310 4.919558429

600 565 94.16666666666667 95 4.887391528

700 664 94.85714285714286 320 5.865397011

700 664 94.85714285714286 772 5.877425451

384 332 86.45833333333334 447 2.85720692

162 143 88.27160493827161 50 1.24436101

2058 1643 79.83479105928085 582 15.756822435

