1132 891 78.71024734982332 56 10.879436268

996 787 79.01606425702812 77 9.258426059

92 88 95.65217391304348 84 1.716489373

840 640 76.19047619047619 1 8.584933473

400 310 77.5 1 4.62895452

1000 908 90.8 147 15.455936043

1000 917 91.7 249 16.083455149

900 868 96.44444444444444 55 12.821669561

1000 904 90.4 394 16.147310487

900 871 96.77777777777777 178 12.959954494

900 868 96.44444444444444 192 12.666040816

900 889 98.77777777777777 322 11.881357478

900 893 99.22222222222223 927 12.211079107

900 892 99.11111111111111 78 11.833559024

1260 997 79.12698412698413 467 14.202281135

1260 1015 80.55555555555556 813 13.538739216

1260 1021 81.03174603174604 940 14.259362858

1258 1025 81.4785373608903 549 13.529118033

1258 1019 81.00158982511924 220 13.686973433

1200 998 83.16666666666667 170 15.224316895

1200 999 83.25 259 14.675032028

1300 1076 82.76923076923077 175 16.633066009

1300 1053 81.0 854 16.714671928

1200 1010 84.16666666666667 857 15.913620033

1200 991 82.58333333333333 161 15.874173846

800 748 93.5 260 10.623138735

800 754 94.25 353 11.029965088

800 750 93.75 916 10.279898995

800 743 92.875 302 10.313786405

900 842 93.55555555555556 81 11.312817819

900 839 93.22222222222221 417 11.493539359

800 748 93.5 572 10.675179395

800 743 92.875 899 11.591240563

800 749 93.625 413 10.598249371

800 744 93.0 639 10.668795532

900 835 92.77777777777779 471 11.807654943

900 829 92.11111111111111 513 12.645176425

900 848 94.22222222222221 215 11.49329441

600 557 92.83333333333333 671 8.850010855

900 850 94.44444444444444 954 11.782468564

700 656 93.71428571428572 136 9.525799292

600 561 93.5 273 8.555720855

600 571 95.16666666666667 252 8.613735718

700 669 95.57142857142857 327 9.787512264

700 652 93.14285714285714 740 9.399934854

384 334 86.97916666666666 449 4.861482775

162 143 88.27160493827161 7 2.170134897

2058 1633 79.3488824101069 375 26.099740182

