1132 893 78.886925795053 154 14.596293042

996 795 79.81927710843374 26 13.543936449

92 88 95.65217391304348 100 2.147171212

840 640 76.19047619047619 1 11.36652034

400 309 77.25 1 6.116850343

1000 917 91.7 370 21.631995588

1000 920 92.0 967 22.248590964

900 874 97.11111111111111 906 17.412220887

1000 914 91.4 489 21.785115745

900 874 97.11111111111111 358 17.694928446

900 873 97.0 161 17.7216831

900 894 99.33333333333333 510 17.059666366

900 897 99.66666666666667 619 17.025873255

900 888 98.66666666666667 57 17.048377244

1260 1001 79.44444444444444 733 19.275039534

1260 1021 81.03174603174604 915 18.9825805

1260 1019 80.87301587301587 942 19.086384072

1258 1020 81.08108108108108 318 18.645445092

1258 1024 81.39904610492846 568 19.657966402

1200 991 82.58333333333333 341 20.208202915

1200 995 82.91666666666667 152 20.670490618

1300 1074 82.61538461538461 462 22.388954203

1300 1080 83.07692307692308 930 22.965155735

1200 1007 83.91666666666666 742 20.966237492

1200 1000 83.33333333333334 688 21.303554998

800 748 93.5 368 13.895521924

800 754 94.25 188 14.931250783

800 752 94.0 175 14.029941241

800 751 93.875 229 14.347591207

900 839 93.22222222222221 540 16.283412482

900 845 93.88888888888889 226 16.964358394

800 747 93.375 573 14.405707222

800 745 93.125 233 14.337283299

800 746 93.25 334 14.688723172

800 747 93.375 69 14.509899583

900 848 94.22222222222221 876 16.498048567

900 846 94.0 718 16.557937619

900 846 94.0 269 16.080856998

600 568 94.66666666666667 372 11.958151329

900 849 94.33333333333334 747 16.636126248

700 664 94.85714285714286 939 13.453449996

600 567 94.5 145 12.071555237

600 570 95.0 733 11.917342167

700 665 95.0 601 13.301892554

700 661 94.42857142857143 120 12.99156582

384 330 85.9375 498 6.700222079

162 145 89.50617283950618 96 2.690584659

2058 1641 79.73760932944607 768 36.583393083

