1132 894 78.97526501766784 34 15.700297106

996 795 79.81927710843374 35 13.515199323

92 88 95.65217391304348 19 2.308943464

840 632 75.23809523809524 1 12.221105478

400 310 77.5 1 6.115716635

1000 919 91.9 191 22.584796866

1000 919 91.9 811 21.812835849

900 877 97.44444444444444 403 18.57016328

1000 926 92.60000000000001 861 22.052066987

900 878 97.55555555555556 583 17.904651792

900 877 97.44444444444444 925 17.982430047

900 897 99.66666666666667 172 17.295538861

900 891 99.0 23 17.98398947

900 899 99.8888888888889 268 17.439921866

1260 1031 81.82539682539682 521 19.77592658

1260 1040 82.53968253968253 391 18.85478961

1260 1025 81.34920634920636 346 19.481872605

1258 1029 81.79650238473768 646 19.161786715

1258 1048 83.30683624801271 452 20.015013145

1200 1006 83.83333333333334 913 20.714070916

1200 1017 84.75 542 20.714098331

1300 1089 83.76923076923077 210 22.949615436

1300 1082 83.23076923076923 737 23.795168977

1200 1003 83.58333333333333 459 21.676079056

1200 1001 83.41666666666666 238 21.566425973

800 759 94.875 358 14.558443774

800 758 94.75 99 15.224084218

800 758 94.75 974 14.190284931

800 757 94.625 520 14.210240308

900 849 94.33333333333334 83 16.528322195

900 845 93.88888888888889 890 16.655651165

800 763 95.375 65 15.347528636

800 762 95.25 491 14.946117933

800 752 94.0 239 14.619381663

800 759 94.875 66 14.466362984

900 851 94.55555555555556 389 16.066350372

900 851 94.55555555555556 514 16.107502111

900 855 95.0 446 15.826747742

600 572 95.33333333333334 223 12.110262179

900 859 95.44444444444444 848 16.329941083

700 666 95.14285714285714 409 13.453273394

600 573 95.5 413 11.387822159

600 569 94.83333333333334 415 12.092014454

700 667 95.28571428571428 173 13.204305736

700 663 94.71428571428572 424 12.716210067

384 338 88.02083333333334 663 7.246047053

162 143 88.27160493827161 4 2.958068911

2058 1666 80.95238095238095 556 37.941861623

