1132 868 76.67844522968198 211 6.005509984

996 767 77.00803212851406 670 5.713632439

92 82 89.13043478260869 227 1.049382602

840 638 75.95238095238095 1 5.289581292

400 309 77.25 1 2.500806522

1000 903 90.3 437 9.14685545

1000 898 89.8 996 9.355093565

900 858 95.33333333333334 998 7.21449902

1000 900 90.0 751 9.11256534

900 853 94.77777777777779 325 7.209761141

900 849 94.33333333333334 710 7.266323926

900 890 98.88888888888889 350 7.030640027

900 883 98.11111111111111 73 7.160966759

900 889 98.77777777777777 90 7.097577687

1260 989 78.4920634920635 239 7.858810065

1260 976 77.46031746031747 825 7.82334368

1260 982 77.93650793650794 472 7.63778935

1258 992 78.85532591414945 193 8.172379163

1258 987 78.45786963434023 91 8.025981114

1200 976 81.33333333333333 375 8.340067256

1200 972 81.0 881 8.280338801

1300 1050 80.76923076923077 856 9.130827991

1300 1042 80.15384615384616 896 9.336565024

1200 965 80.41666666666667 394 8.857620098

1200 972 81.0 575 8.645975382

800 726 90.75 843 5.799052866

800 734 91.75 56 5.961505675

800 737 92.125 844 5.922478758

800 728 91.0 135 5.914181522

900 837 93.0 31 6.728658499

900 831 92.33333333333333 318 6.701910589

800 723 90.375 164 6.218401774

800 728 91.0 442 6.245138368

800 726 90.75 411 6.220138529

800 739 92.375 170 5.988745102

900 822 91.33333333333333 357 6.695665363

900 835 92.77777777777779 307 6.948256364

900 819 91.0 528 6.697153913

600 548 91.33333333333333 241 5.148250409

900 835 92.77777777777779 582 6.627535167

700 636 90.85714285714286 788 5.461592223

600 548 91.33333333333333 225 4.686153067

600 554 92.33333333333333 477 5.498021918

700 646 92.28571428571428 885 5.397243356

700 650 92.85714285714286 676 5.475015731

384 316 82.29166666666666 615 2.889500682

162 135 83.33333333333334 7 1.274328969

2058 1595 77.50242954324587 559 15.921787162

