1132 882 77.91519434628975 45 15.492868138

996 787 79.01606425702812 162 13.153314863

92 84 91.30434782608695 108 2.099560615

840 632 75.23809523809524 1 11.927358427

400 308 77.0 1 5.875867084

1000 892 89.2 426 21.469986907

1000 920 92.0 780 21.694149179

900 868 96.44444444444444 488 18.460521063

1000 905 90.5 193 22.43848314

900 858 95.33333333333334 877 18.249394942

900 865 96.11111111111111 77 18.180649618

900 885 98.33333333333333 127 16.919295114

900 891 99.0 461 17.102514877

900 889 98.77777777777777 530 17.11786978

1260 997 79.12698412698413 650 20.463123145

1260 1011 80.23809523809524 181 19.968400184

1260 992 78.73015873015873 542 20.088631159

1258 1012 80.44515103338632 978 19.879802296

1258 987 78.45786963434023 692 20.0073008

1200 992 82.66666666666667 345 21.241314366

1200 988 82.33333333333334 241 20.330364654

1300 1068 82.15384615384616 837 22.243230627

1300 1065 81.92307692307692 619 23.211120037

1200 998 83.16666666666667 752 21.552343508

1200 970 80.83333333333333 798 21.217575632

800 748 93.5 801 14.037790238

800 743 92.875 657 14.475309375

800 747 93.375 148 14.274284846

800 742 92.75 653 15.059508244

900 842 93.55555555555556 587 17.117920554

900 836 92.88888888888889 945 16.913611471

800 746 93.25 849 15.180756437

800 738 92.25 157 14.647663855

800 729 91.125 56 14.75225743

800 744 93.0 293 14.715682479

900 840 93.33333333333333 786 16.693266473

900 845 93.88888888888889 111 16.730985726

900 839 93.22222222222221 324 16.957388304

600 561 93.5 303 12.816298342

900 840 93.33333333333333 434 16.810519023

700 650 92.85714285714286 338 13.158897414

600 565 94.16666666666667 925 11.876351386

600 560 93.33333333333333 697 12.827604845

700 643 91.85714285714286 483 13.554964555

700 653 93.28571428571428 33 13.247763997

384 326 84.89583333333334 317 6.743284394

162 139 85.80246913580247 40 2.85170496

2058 1627 79.05733722060253 584 36.086450099

