1132 894 78.97526501766784 148 14.998494504

996 792 79.51807228915662 19 13.126167024

92 88 95.65217391304348 308 2.091223837

840 638 75.95238095238095 1 12.384012439

400 310 77.5 1 6.09828049

1000 942 94.19999999999999 592 21.386305628

1000 929 92.9 791 22.831884396

900 888 98.66666666666667 290 17.846848877

1000 937 93.7 497 21.566145767

900 884 98.22222222222223 279 18.714626786

900 890 98.88888888888889 776 17.451501976

900 898 99.77777777777777 138 16.591402213

900 898 99.77777777777777 31 17.636263551

900 897 99.66666666666667 19 16.55491296

1260 1051 83.41269841269842 604 19.532731018

1260 1065 84.52380952380952 381 19.904736925

1260 1054 83.65079365079366 819 20.611421913

1258 1054 83.78378378378379 409 20.673086911

1258 1048 83.30683624801271 756 18.899780008

1200 1022 85.16666666666667 784 20.192529103

1200 1031 85.91666666666666 128 22.123063575

1300 1104 84.92307692307692 55 23.441220077

1300 1094 84.15384615384616 45 22.008170528

1200 1034 86.16666666666667 403 21.314148019

1200 1024 85.33333333333334 227 21.189588739

800 762 95.25 448 14.602286358

800 758 94.75 199 14.691486309

800 763 95.375 52 15.172314829

800 760 95.0 182 14.82003433

900 855 95.0 195 15.984960999

900 850 94.44444444444444 201 16.187620165

800 765 95.625 895 16.007404664

800 763 95.375 708 15.448121267

800 763 95.375 894 14.747529961

800 763 95.375 760 14.291842893

900 855 95.0 914 16.103556846

900 854 94.88888888888889 972 16.111334078

900 859 95.44444444444444 607 15.805128587

600 580 96.66666666666667 296 13.000995262

900 861 95.66666666666667 261 16.375928115

700 678 96.85714285714285 897 13.282951521

600 578 96.33333333333334 631 12.171184599

600 583 97.16666666666667 996 11.862090937

700 675 96.42857142857143 590 13.65089375

700 676 96.57142857142857 259 13.842118522

384 346 90.10416666666666 685 6.822924011

162 143 88.27160493827161 9 2.855194063

2058 1685 81.87560738581146 903 36.055758483

