1132 888 78.4452296819788 406 10.71206025

996 780 78.3132530120482 296 9.39821834

92 88 95.65217391304348 82 1.568640933

840 638 75.95238095238095 1 7.830693755

400 310 77.5 1 4.265602063

1000 909 90.9 721 15.566780313

1000 891 89.1 378 16.893146643

900 875 97.22222222222221 168 12.57351246

1000 908 90.8 371 15.331657225

900 864 96.0 500 12.546570944

900 868 96.44444444444444 932 12.370342956

900 891 99.0 794 12.068400697

900 888 98.66666666666667 381 13.22001137

900 887 98.55555555555556 653 11.993829883

1260 1028 81.58730158730158 49 15.050256411

1260 1011 80.23809523809524 201 14.196044721

1260 1006 79.84126984126985 542 14.583585741

1258 1022 81.24006359300478 655 13.914014496

1258 988 78.53736089030207 462 13.919121091

1200 973 81.08333333333333 220 15.036362003

1200 1002 83.5 826 15.967293915

1300 1063 81.76923076923077 297 16.441792074

1300 1062 81.6923076923077 825 16.806744584

1200 988 82.33333333333334 597 15.610542552

1200 1001 83.41666666666666 351 15.970726031

800 744 93.0 883 10.370026562

800 741 92.625 449 10.180382502

800 753 94.125 833 9.930497597

800 744 93.0 163 10.115298636

900 838 93.11111111111111 280 11.319202482

900 838 93.11111111111111 419 11.577440247

800 755 94.375 372 10.450481244

800 747 93.375 695 10.547287855

800 751 93.875 808 10.451796143

800 750 93.75 921 10.826215257

900 841 93.44444444444444 655 11.395510099

900 836 92.88888888888889 670 12.546849472

900 843 93.66666666666667 454 11.955020915

600 568 94.66666666666667 144 8.638269109

900 837 93.0 855 13.062592595

700 664 94.85714285714286 982 9.254306506

600 569 94.83333333333334 381 8.735767645

600 563 93.83333333333333 933 8.414344784

700 664 94.85714285714286 483 9.943305639

700 660 94.28571428571428 314 9.17366911

384 318 82.8125 175 5.18701129

162 145 89.50617283950618 118 2.026354185

2058 1603 77.89115646258503 118 25.738892964

