1132 892 78.79858657243817 29 6.018471339

996 796 79.91967871485943 466 5.716555313

92 88 95.65217391304348 132 1.073993094

840 640 76.19047619047619 1 4.602312938

400 309 77.25 1 2.802046171

1000 924 92.4 931 9.623041014

1000 925 92.5 978 9.093763296

900 871 96.77777777777777 814 7.141085198

1000 911 91.10000000000001 434 9.123961251

900 875 97.22222222222221 595 7.230103624

900 874 97.11111111111111 313 7.321496526

900 896 99.55555555555556 130 7.091370651

900 892 99.11111111111111 387 7.01962119

900 893 99.22222222222223 62 7.525622131

1260 1021 81.03174603174604 196 7.796854644

1260 1023 81.19047619047619 363 8.027318936

1260 1021 81.03174603174604 185 7.873057373

1258 1026 81.55802861685216 515 8.31181629

1258 1025 81.4785373608903 234 8.057243827

1200 1004 83.66666666666667 126 8.558478528

1200 1008 84.0 254 8.57841366

1300 1087 83.61538461538461 696 9.567038953

1300 1078 82.92307692307692 912 9.11114413

1200 1005 83.75 150 8.636419314

1200 1003 83.58333333333333 74 9.117654982

800 757 94.625 687 6.00498917

800 758 94.75 174 6.295523819

800 756 94.5 340 5.865720016

800 752 94.0 65 5.996241807

900 846 94.0 61 6.686120566

900 844 93.77777777777779 289 6.908586637

800 754 94.25 663 5.897100317

800 764 95.5 582 5.899676004

800 754 94.25 426 6.46949497

800 756 94.5 72 6.251736053

900 846 94.0 178 6.740239157

900 849 94.33333333333334 246 6.864031177

900 844 93.77777777777779 389 6.595898312

600 573 95.5 299 4.898678191

900 851 94.55555555555556 692 6.925240071

700 663 94.71428571428572 118 5.627882065

600 570 95.0 707 4.719392558

600 572 95.33333333333334 852 5.060410006

700 666 95.14285714285714 845 5.382051215

700 666 95.14285714285714 339 5.416993398

384 336 87.5 221 2.976832837

162 145 89.50617283950618 13 1.283470471

2058 1629 79.1545189504373 526 14.958894666

