1132 892 78.79858657243817 248 10.6015942

996 796 79.91967871485943 205 9.828472622

92 88 95.65217391304348 29 1.835161126

840 638 75.95238095238095 1 8.123690148

400 310 77.5 1 4.582354465

1000 923 92.30000000000001 382 15.429696985

1000 922 92.2 488 15.524803363

900 879 97.66666666666667 810 12.25000974

1000 928 92.80000000000001 762 15.728529806

900 880 97.77777777777777 287 13.186000475

900 879 97.66666666666667 714 12.262769862

900 897 99.66666666666667 66 11.793186781

900 897 99.66666666666667 343 12.258426481

900 897 99.66666666666667 76 12.21328524

1260 1037 82.3015873015873 500 13.457571522

1260 1039 82.46031746031746 359 13.024994211

1260 1029 81.66666666666667 194 14.249146767

1258 1031 81.95548489666137 928 13.444689526

1258 1034 82.1939586645469 865 14.819710595

1200 1002 83.5 939 14.676891493

1200 1013 84.41666666666666 331 14.272398511

1300 1089 83.76923076923077 721 15.839009641

1300 1076 82.76923076923077 678 16.002747201

1200 1012 84.33333333333334 942 15.137835067

1200 1006 83.83333333333334 551 14.926545762

800 759 94.875 78 10.340500939

800 755 94.375 74 10.4041036

800 759 94.875 241 10.52893316

800 757 94.625 116 10.27488207

900 854 94.88888888888889 133 11.31499822

900 846 94.0 133 11.951094442

800 756 94.5 328 10.079790816

800 761 95.125 849 9.983920992

800 759 94.875 391 10.503921843

800 758 94.75 617 10.15933112

900 851 94.55555555555556 508 11.465090715

900 851 94.55555555555556 421 11.548026218

900 854 94.88888888888889 737 11.49804844

600 576 96.0 582 8.477093219

900 856 95.11111111111111 624 11.636177415

700 668 95.42857142857143 390 9.255282431

600 571 95.16666666666667 398 8.073510253

600 573 95.5 719 8.659293285

700 670 95.71428571428572 603 9.11930477

700 666 95.14285714285714 135 9.210024064

384 340 88.54166666666666 36 5.14230419

162 143 88.27160493827161 171 2.398743106

2058 1657 80.51506316812439 343 26.588372171

