1132 893 78.886925795053 504 6.204565308

996 796 79.91967871485943 52 5.658453053

92 88 95.65217391304348 188 0.982915142

840 638 75.95238095238095 1 4.756894776

400 309 77.25 1 2.563334369

1000 922 92.2 97 8.893193932

1000 922 92.2 407 8.953971618

900 879 97.66666666666667 696 7.133250187

1000 917 91.7 35 8.986216268

900 876 97.33333333333334 269 7.077077495

900 878 97.55555555555556 567 7.233851231

900 895 99.44444444444444 274 7.021712921

900 897 99.66666666666667 216 6.832406164

900 896 99.55555555555556 41 6.90938224

1260 1041 82.61904761904762 636 7.804142279

1260 1021 81.03174603174604 43 8.279825394

1260 1019 80.87301587301587 757 7.814421013

1258 1013 80.52464228934817 135 7.803341329

1258 1024 81.39904610492846 145 7.835518644

1200 1002 83.5 587 8.3109461

1200 1006 83.83333333333334 220 8.996408948

1300 1076 82.76923076923077 618 10.023035205

1300 1075 82.6923076923077 593 9.675345225

1200 1005 83.75 959 8.793519796

1200 1009 84.08333333333333 163 8.627852859

800 751 93.875 905 6.102213943

800 756 94.5 773 6.265044315

800 754 94.25 350 6.115372047

800 756 94.5 273 5.900639571

900 850 94.44444444444444 132 6.661423524

900 843 93.66666666666667 250 6.816487806

800 749 93.625 259 6.024936068

800 759 94.875 805 6.052577794

800 749 93.625 703 6.174612956

800 761 95.125 448 5.951078959

900 846 94.0 172 6.645224849

900 845 93.88888888888889 712 6.588360284

900 840 93.33333333333333 677 6.496502926

600 570 95.0 226 5.05377451

900 853 94.77777777777779 685 6.576737981

700 665 95.0 313 5.448253644

600 568 94.66666666666667 770 4.946676635

600 579 96.5 689 4.888146028

700 661 94.42857142857143 784 5.325694948

700 656 93.71428571428572 395 5.54156635

384 338 88.02083333333334 231 2.99099748

162 143 88.27160493827161 179 1.223211155

2058 1630 79.20310981535471 616 15.214959665

