1132 872 77.03180212014135 200 6.181568512

996 773 77.61044176706827 407 5.360977811

92 73 79.34782608695652 107 1.285879096

840 638 75.95238095238095 1 5.226609943

400 309 77.25 1 2.559113544

1000 899 89.9 156 9.151391802

1000 879 87.9 425 9.264645946

900 852 94.66666666666667 43 7.269443891

1000 889 88.9 574 9.253361976

900 858 95.33333333333334 312 7.241846998

900 864 96.0 57 7.880138646

900 878 97.55555555555556 333 7.045072628

900 879 97.66666666666667 787 6.860644171

900 881 97.88888888888889 277 7.182093887

1260 1003 79.6031746031746 833 8.768713668

1260 980 77.77777777777779 18 8.022948825

1260 994 78.88888888888889 697 7.881485354

1258 948 75.3577106518283 639 7.747114921

1258 989 78.61685214626391 249 8.13044242

1200 950 79.16666666666666 263 8.625525745

1200 958 79.83333333333333 414 8.424442967

1300 1027 79.0 385 9.234434321

1300 1026 78.92307692307692 696 9.513456045

1200 969 80.75 230 8.787756545

1200 959 79.91666666666667 794 8.968606751

800 732 91.5 354 5.994207821

800 726 90.75 630 6.063676954

800 731 91.375 198 6.241648582

800 722 90.25 973 5.979781286

900 824 91.55555555555556 679 6.702538813

900 819 91.0 877 6.788106389

800 736 92.0 548 6.15846615

800 727 90.875 445 6.090023476

800 719 89.875 622 6.287192881

800 740 92.5 837 6.105465004

900 821 91.22222222222223 503 6.700262252

900 825 91.66666666666666 687 6.980071696

900 816 90.66666666666666 769 7.229373752

600 553 92.16666666666666 256 5.323339371

900 837 93.0 145 6.725368847

700 644 92.0 706 5.380451131

600 550 91.66666666666666 775 4.993034432

600 562 93.66666666666667 688 5.141439718

700 639 91.28571428571428 58 5.410649282

700 647 92.42857142857143 34 5.777146687

384 306 79.6875 608 2.932817484

162 127 78.39506172839506 53 1.285298471

2058 1587 77.1137026239067 666 15.419699482

