1132 893 78.886925795053 367 6.23054896

996 795 79.81927710843374 76 5.840131972

92 87 94.56521739130434 277 1.042611597

840 640 76.19047619047619 1 4.570805839

400 310 77.5 1 2.549538068

1000 914 91.4 418 9.59147942

1000 916 91.60000000000001 684 9.596363273

900 872 96.88888888888889 338 7.319666326

1000 909 90.9 467 8.98552423

900 870 96.66666666666667 774 7.104382361

900 878 97.55555555555556 832 7.133981485

900 894 99.33333333333333 817 7.300989621

900 894 99.33333333333333 106 7.030998889

900 895 99.44444444444444 91 6.865995715

1260 1036 82.22222222222221 287 7.826191943

1260 1043 82.77777777777777 436 8.463814542

1260 1025 81.34920634920636 467 7.844296594

1258 1028 81.71701112877582 142 7.797061751

1258 1017 80.84260731319554 909 7.944614104

1200 987 82.25 939 8.497424567

1200 1008 84.0 97 8.554303483

1300 1074 82.61538461538461 457 9.576022735

1300 1073 82.53846153846153 487 9.076135064

1200 995 82.91666666666667 245 8.753899393

1200 999 83.25 117 9.077721049

800 762 95.25 207 5.738172346

800 754 94.25 251 6.174889325

800 756 94.5 533 5.82485746

800 749 93.625 241 5.896693733

900 845 93.88888888888889 879 6.668531865

900 845 93.88888888888889 221 6.648205587

800 762 95.25 830 6.003511058

800 761 95.125 419 5.894229676

800 748 93.5 850 6.217004007

800 758 94.75 759 6.109686467

900 844 93.77777777777779 201 7.03225056

900 847 94.11111111111111 130 6.589541649

900 845 93.88888888888889 352 6.635922743

600 574 95.66666666666667 887 5.030796291

900 853 94.77777777777779 456 6.659021719

700 667 95.28571428571428 108 5.396716373

600 564 94.0 199 5.667904556

600 572 95.33333333333334 96 4.962800662

700 661 94.42857142857143 224 5.471796456

700 665 95.0 752 5.840236143

384 338 88.02083333333334 86 3.015676966

162 145 89.50617283950618 36 1.379967529

2058 1647 80.02915451895043 263 15.653192444

