1132 882 77.91519434628975 119 10.51867444

996 782 78.5140562248996 393 10.12886591

92 80 86.95652173913044 161 1.588467838

840 638 75.95238095238095 1 8.015442448

400 308 77.0 1 4.361891922

1000 903 90.3 286 16.020177203

1000 890 89.0 515 16.020990291

900 868 96.44444444444444 500 12.424760255

1000 895 89.5 446 15.890409517

900 864 96.0 391 13.161973445

900 861 95.66666666666667 505 12.749604107

900 879 97.66666666666667 580 11.940354765

900 885 98.33333333333333 448 13.263121177

900 893 99.22222222222223 445 12.812051957

1260 987 78.33333333333333 381 14.041622704

1260 984 78.0952380952381 899 13.950512811

1260 973 77.22222222222223 400 14.52533765

1258 997 79.25278219395867 838 14.38920234

1258 1017 80.84260731319554 551 14.135055736

1200 971 80.91666666666667 470 14.745578797

1200 969 80.75 427 15.34280376

1300 1038 79.84615384615384 505 16.929944757

1300 1031 79.3076923076923 871 16.065657048

1200 984 82.0 672 15.250943094

1200 976 81.33333333333333 161 15.91331132

800 748 93.5 948 9.965163423

800 746 93.25 429 10.349730972

800 732 91.5 727 10.227210724

800 738 92.25 239 10.615104822

900 841 93.44444444444444 166 11.538000618

900 817 90.77777777777779 662 11.785483064

800 750 93.75 560 10.833994275

800 749 93.625 503 10.417978953

800 738 92.25 113 10.828952697

800 740 92.5 509 10.525258097

900 841 93.44444444444444 114 11.523214916

900 826 91.77777777777779 236 12.195681693

900 836 92.88888888888889 865 11.718200391

600 563 93.83333333333333 503 8.997645455

900 832 92.44444444444444 687 11.884470413

700 646 92.28571428571428 396 10.209271648

600 553 92.16666666666666 460 8.426467826

600 560 93.33333333333333 58 8.858378183

700 661 94.42857142857143 670 9.24483595

700 654 93.42857142857143 301 9.274413774

384 326 84.89583333333334 279 5.174315543

162 136 83.9506172839506 25 2.082542598

2058 1635 79.44606413994168 612 24.9537844

