1132 894 78.97526501766784 333 6.133440972

996 796 79.91967871485943 176 5.342647642

92 88 95.65217391304348 44 1.057306712

840 638 75.95238095238095 1 5.034255359

400 310 77.5 1 2.594886931

1000 930 93.0 61 9.804407604

1000 928 92.80000000000001 676 9.017521383

900 874 97.11111111111111 623 7.402484955

1000 921 92.10000000000001 913 9.254893813

900 884 98.22222222222223 790 7.471087803

900 882 98.0 588 7.12573288

900 896 99.55555555555556 889 6.855181756

900 893 99.22222222222223 603 7.156023754

900 897 99.66666666666667 811 6.897844409

1260 1030 81.74603174603175 318 7.94116896

1260 1037 82.3015873015873 561 7.982698184

1260 1030 81.74603174603175 811 7.947234344

1258 1033 82.11446740858506 333 7.779239026

1258 1047 83.22734499205087 369 7.904046784

1200 1019 84.91666666666666 200 8.350376637

1200 1016 84.66666666666667 468 8.453702712

1300 1086 83.53846153846153 781 9.164369485

1300 1079 83.0 847 9.103358669

1200 1013 84.41666666666666 446 8.901770728

1200 1009 84.08333333333333 472 8.727569691

800 762 95.25 688 5.734733417

800 757 94.625 458 5.914885362

800 760 95.0 106 6.061274621

800 751 93.875 239 5.881714437

900 853 94.77777777777779 450 6.641934759

900 847 94.11111111111111 357 6.525795856

800 754 94.25 197 6.017309895

800 763 95.375 722 5.910217333

800 758 94.75 980 6.357450246

800 759 94.875 553 6.080590204

900 852 94.66666666666667 359 6.729676923

900 853 94.77777777777779 398 6.571427063

900 858 95.33333333333334 303 6.561546825

600 575 95.83333333333334 401 4.970949419

900 855 95.0 98 6.753949385

700 665 95.0 636 5.408844123

600 571 95.16666666666667 194 4.727614451

600 579 96.5 172 5.388792092

700 672 96.0 678 5.355601052

700 664 94.85714285714286 518 5.269422154

384 340 88.54166666666666 477 2.912947897

162 145 89.50617283950618 68 1.318712264

2058 1649 80.12633624878522 257 15.3698953

