1132 892 78.79858657243817 135 10.396996678

996 796 79.91967871485943 27 10.005345769

92 88 95.65217391304348 161 1.55025541

840 640 76.19047619047619 1 8.325526266

400 310 77.5 1 4.254131038

1000 922 92.2 219 15.704476352

1000 924 92.4 425 15.15572777

900 875 97.22222222222221 689 12.382546002

1000 925 92.5 229 15.604788704

900 882 98.0 47 12.164724146

900 882 98.0 68 12.627086188

900 897 99.66666666666667 749 11.75163965

900 899 99.8888888888889 60 12.026346117

900 895 99.44444444444444 542 12.488545893

1260 1039 82.46031746031746 320 13.460465211

1260 1033 81.98412698412699 378 12.99836974

1260 1033 81.98412698412699 819 13.392354393

1258 1040 82.67090620031796 936 13.918412453

1258 1042 82.82988871224165 184 13.869113896

1200 1007 83.91666666666666 247 14.764038711

1200 1013 84.41666666666666 831 14.225837661

1300 1097 84.38461538461539 430 16.189254388

1300 1077 82.84615384615385 81 16.029081699

1200 1002 83.5 472 15.045036424

1200 993 82.75 655 15.063346603

800 761 95.125 812 10.078918425

800 761 95.125 487 10.295108923

800 761 95.125 189 10.401963296

800 756 94.5 988 9.878097108

900 848 94.22222222222221 241 11.785079383

900 846 94.0 436 11.617770847

800 754 94.25 91 10.899488918

800 761 95.125 800 10.267886375

800 756 94.5 558 11.029909825

800 755 94.375 49 10.872692537

900 851 94.55555555555556 128 11.575775851

900 853 94.77777777777779 94 11.88700946

900 848 94.22222222222221 400 11.448129696

600 575 95.83333333333334 537 8.64372685

900 853 94.77777777777779 500 11.35751026

700 669 95.57142857142857 856 9.56020851

600 572 95.33333333333334 485 8.542663904

600 574 95.66666666666667 792 8.30814121

700 666 95.14285714285714 189 9.265082595

700 667 95.28571428571428 623 9.36812076

384 338 88.02083333333334 176 4.706976986

162 143 88.27160493827161 7 2.02068853

2058 1647 80.02915451895043 205 26.170206454

