1132 892 78.79858657243817 45 6.46907709

996 796 79.91967871485943 72 5.777495345

92 86 93.47826086956522 302 1.063982643

840 640 76.19047619047619 1 4.747054757

400 310 77.5 1 2.583346732

1000 925 92.5 737 9.416750789

1000 920 92.0 482 9.37265998

900 871 96.77777777777777 458 7.321504232

1000 913 91.3 27 9.210651488

900 875 97.22222222222221 659 7.426362311

900 875 97.22222222222221 220 7.362767216

900 895 99.44444444444444 916 7.013328825

900 897 99.66666666666667 973 6.876275187

900 898 99.77777777777777 88 6.887139867

1260 1032 81.9047619047619 315 8.392044881

1260 1020 80.95238095238095 470 7.848529275

1260 1040 82.53968253968253 108 7.832376401

1258 1016 80.7631160572337 270 8.030502125

1258 1036 82.35294117647058 985 7.998474266

1200 1002 83.5 234 8.377624223

1200 1009 84.08333333333333 312 8.261979902

1300 1078 82.92307692307692 400 9.26343005

1300 1072 82.46153846153847 563 9.811656089

1200 997 83.08333333333333 154 8.939678701

1200 983 81.91666666666667 290 8.874194008

800 757 94.625 269 5.815557936

800 754 94.25 745 6.214701884

800 761 95.125 626 5.921321548

800 757 94.625 178 5.862283407

900 842 93.55555555555556 980 6.552005392

900 848 94.22222222222221 598 6.753708016

800 755 94.375 220 5.886627256

800 756 94.5 129 6.380403176

800 753 94.125 656 6.390015831

800 754 94.25 387 5.981681443

900 851 94.55555555555556 785 6.570658081

900 853 94.77777777777779 254 6.551376681

900 843 93.66666666666667 790 6.763515494

600 573 95.5 647 4.980935032

900 854 94.88888888888889 739 6.586659508

700 669 95.57142857142857 430 5.370282242

600 567 94.5 440 4.941028139

600 572 95.33333333333334 676 5.072309003

700 665 95.0 703 5.366330792

700 660 94.28571428571428 450 5.475383267

384 330 85.9375 400 3.029871879

162 145 89.50617283950618 18 1.286045909

2058 1637 79.54324586977648 804 16.113882734

