1132 894 78.97526501766784 477 15.151919559

996 792 79.51807228915662 33 13.115979479

92 88 95.65217391304348 17 2.359887026

840 640 76.19047619047619 1 11.1716736

400 309 77.25 1 5.934723995

1000 923 92.30000000000001 184 21.374694535

1000 925 92.5 412 21.680051505

900 880 97.77777777777777 745 17.462656466

1000 921 92.10000000000001 351 21.719830991

900 880 97.77777777777777 367 17.661935377

900 883 98.11111111111111 659 17.87097531

900 898 99.77777777777777 226 16.801309614

900 899 99.8888888888889 150 17.405254975

900 896 99.55555555555556 75 16.76452852

1260 1032 81.9047619047619 141 18.814442074

1260 1031 81.82539682539682 165 19.327255265

1260 1043 82.77777777777777 430 19.080624998

1258 1038 82.51192368839428 547 19.537286905

1258 1038 82.51192368839428 276 19.119332876

1200 1008 84.0 758 20.759335495

1200 1021 85.08333333333333 154 20.835656685

1300 1083 83.3076923076923 387 22.584931684

1300 1085 83.46153846153847 565 22.850121568

1200 1014 84.5 508 20.998456823

1200 1005 83.75 228 20.963158795

800 761 95.125 136 14.796809082

800 757 94.625 420 15.22836734

800 761 95.125 758 14.167517666

800 758 94.75 313 14.147238983

900 856 95.11111111111111 269 16.005596966

900 848 94.22222222222221 125 16.236113914

800 761 95.125 124 14.459661394

800 764 95.5 188 14.433407556

800 758 94.75 345 14.176616318

800 760 95.0 63 15.107050334

900 856 95.11111111111111 885 16.27643585

900 851 94.55555555555556 617 15.996793239

900 854 94.88888888888889 552 16.352426191

600 577 96.16666666666667 236 11.771258855

900 859 95.44444444444444 600 16.533201716

700 669 95.57142857142857 203 12.823797812

600 575 95.83333333333334 52 11.328903424

600 573 95.5 255 11.847832877

700 669 95.57142857142857 210 12.939526465

700 668 95.42857142857143 689 12.935249849

384 344 89.58333333333334 162 6.737367853

162 145 89.50617283950618 7 2.785191044

2058 1645 79.93197278911565 293 36.162905876

