1132 892 78.79858657243817 247 10.583910866

996 789 79.21686746987952 50 9.650957607

92 86 93.47826086956522 38 1.742248344

840 640 76.19047619047619 1 7.924591034

400 309 77.25 1 4.270636626

1000 914 91.4 565 16.539729573

1000 903 90.3 260 15.673768294

900 872 96.88888888888889 696 12.418190705

1000 912 91.2 287 15.733513229

900 865 96.11111111111111 905 13.051576199

900 867 96.33333333333334 723 12.209536312

900 890 98.88888888888889 122 12.327863298

900 894 99.33333333333333 90 12.138141843

900 893 99.22222222222223 111 11.991647846

1260 1015 80.55555555555556 399 13.469234173

1260 1013 80.3968253968254 827 14.110757302

1260 1004 79.68253968253968 587 14.392622097

1258 1022 81.24006359300478 330 14.020029152

1258 999 79.41176470588235 77 13.964440457

1200 992 82.66666666666667 276 14.471553442

1200 1002 83.5 813 14.420107761

1300 1066 82.0 784 15.949054718

1300 1060 81.53846153846153 911 15.922384275

1200 998 83.16666666666667 486 15.174162156

1200 987 82.25 44 15.738071264

800 750 93.75 125 10.399498065

800 746 93.25 306 10.091555489

800 754 94.25 774 10.573963536

800 745 93.125 880 10.02716373

900 842 93.55555555555556 757 11.555608578

900 838 93.11111111111111 516 11.706554681

800 747 93.375 225 10.48317917

800 752 94.0 249 10.308972797

800 742 92.75 32 10.455126782

800 748 93.5 785 10.665478097

900 839 93.22222222222221 52 11.566304641

900 842 93.55555555555556 271 11.701992735

900 850 94.44444444444444 276 11.635519371

600 567 94.5 396 8.878658767

900 834 92.66666666666666 225 11.595584419

700 648 92.57142857142857 832 9.523349378

600 568 94.66666666666667 843 8.468670655

600 571 95.16666666666667 343 8.478581057

700 672 96.0 373 9.493548847

700 662 94.57142857142857 783 9.239161825

384 328 85.41666666666666 212 4.830952095

162 143 88.27160493827161 7 2.034568446

2058 1633 79.3488824101069 733 26.565603485

