1132 889 78.53356890459364 847 10.934717569

996 792 79.51807228915662 18 10.129762827

92 88 95.65217391304348 25 1.562617997

840 640 76.19047619047619 1 8.694417442

400 310 77.5 1 4.79559115

1000 908 90.8 766 15.541501637

1000 902 90.2 146 16.565863328

900 874 97.11111111111111 895 13.121435235

1000 921 92.10000000000001 634 16.408163706

900 874 97.11111111111111 221 13.09781941

900 868 96.44444444444444 101 13.049608008

900 893 99.22222222222223 36 12.651252252

900 895 99.44444444444444 802 12.395697422

900 892 99.11111111111111 173 12.398323073

1260 1011 80.23809523809524 668 13.730190374

1260 1017 80.71428571428572 825 14.104462274

1260 1028 81.58730158730158 859 13.579059033

1258 1021 81.16057233704292 205 13.33648906

1258 1024 81.39904610492846 586 13.55171141

1200 989 82.41666666666667 796 15.131812018

1200 999 83.25 516 14.11238487

1300 1068 82.15384615384616 374 16.961065651

1300 1060 81.53846153846153 156 15.886044331

1200 989 82.41666666666667 603 14.848878969

1200 997 83.08333333333333 819 14.820486569

800 752 94.0 281 10.531148141

800 754 94.25 647 10.464643011

800 746 93.25 185 9.933146656

800 750 93.75 557 10.604937884

900 849 94.33333333333334 476 11.873508674

900 837 93.0 753 11.449749837

800 754 94.25 169 10.625132191

800 745 93.125 455 10.209720795

800 746 93.25 627 10.943772384

800 746 93.25 757 11.301234631

900 845 93.88888888888889 787 11.892862109

900 840 93.33333333333333 748 11.420068823

900 844 93.77777777777779 295 12.240001475

600 566 94.33333333333334 562 9.291491036

900 843 93.66666666666667 863 11.890432405

700 662 94.57142857142857 731 9.584894882

600 565 94.16666666666667 167 8.333152419

600 569 94.83333333333334 374 8.531744222

700 666 95.14285714285714 768 9.378475899

700 660 94.28571428571428 844 9.919842366

384 330 85.9375 293 5.178494612

162 145 89.50617283950618 10 2.060695685

2058 1621 78.76579203109816 814 27.254538038

