1132 892 78.79858657243817 110 14.845462137

996 796 79.91967871485943 287 13.350245869

92 88 95.65217391304348 57 2.189376927

840 640 76.19047619047619 1 11.907397292

400 309 77.25 1 5.942435171

1000 908 90.8 771 21.49383582

1000 916 91.60000000000001 37 22.474466446

900 875 97.22222222222221 848 17.565347213

1000 917 91.7 651 22.409221779

900 870 96.66666666666667 766 17.356719411

900 870 96.66666666666667 25 17.722342338

900 894 99.33333333333333 193 17.192954945

900 891 99.0 415 17.77663511

900 898 99.77777777777777 80 17.163007936

1260 1021 81.03174603174604 962 19.055986149

1260 1022 81.11111111111111 213 19.311271403

1260 1019 80.87301587301587 470 19.023602953

1258 1016 80.7631160572337 989 19.976173232

1258 1012 80.44515103338632 285 19.960830417

1200 988 82.33333333333334 734 20.386082058

1200 993 82.75 855 20.165761048

1300 1064 81.84615384615384 300 22.100852288

1300 1056 81.23076923076923 371 22.479493111

1200 993 82.75 705 21.512401233

1200 995 82.91666666666667 561 21.27137784

800 753 94.125 533 14.326009863

800 750 93.75 730 14.593422775

800 750 93.75 754 14.089422056

800 756 94.5 101 14.28831925

900 835 92.77777777777779 50 16.178971479

900 838 93.11111111111111 519 16.1077464

800 756 94.5 960 14.338869817

800 749 93.625 812 15.470622581

800 749 93.625 624 14.489131342

800 753 94.125 341 14.534129312

900 842 93.55555555555556 269 16.840131534

900 845 93.88888888888889 97 16.244842202

900 843 93.66666666666667 396 16.150069717

600 572 95.33333333333334 231 12.512870741

900 849 94.33333333333334 222 16.415556847

700 659 94.14285714285714 37 13.149213734

600 567 94.5 314 11.589839502

600 571 95.16666666666667 231 12.282972182

700 663 94.71428571428572 309 13.909847922

700 655 93.57142857142857 18 14.053017118

384 328 85.41666666666666 456 7.026306547

162 143 88.27160493827161 5 2.885039236

2058 1627 79.05733722060253 370 36.772321966

