1132 894 78.97526501766784 42 11.844387071

996 796 79.91967871485943 96 9.298713591

92 87 94.56521739130434 453 1.680638934

840 640 76.19047619047619 1 8.353103844

400 310 77.5 1 4.617128506

1000 934 93.4 1000 15.059851616

1000 923 92.30000000000001 137 15.967345385

900 880 97.77777777777777 572 13.23309949

1000 922 92.2 264 15.763449759

900 879 97.66666666666667 554 12.361594473

900 883 98.11111111111111 899 12.245130062

900 896 99.55555555555556 277 12.0999315

900 897 99.66666666666667 344 12.638359134

900 897 99.66666666666667 34 11.949141584

1260 1031 81.82539682539682 514 13.440598279

1260 1021 81.03174603174604 147 13.422736302

1260 1034 82.06349206349206 618 14.413104075

1258 1030 81.87599364069952 676 14.356492738

1258 1020 81.08108108108108 933 14.025054839

1200 1010 84.16666666666667 254 14.508117418

1200 1016 84.66666666666667 514 14.724663845

1300 1082 83.23076923076923 879 16.317619867

1300 1090 83.84615384615385 575 15.952249702

1200 1016 84.66666666666667 146 15.113072443

1200 997 83.08333333333333 226 14.955741568

800 759 94.875 51 10.425880777

800 754 94.25 721 10.183035799

800 759 94.875 861 10.033883807

800 755 94.375 381 10.3641142

900 848 94.22222222222221 147 11.522565675

900 851 94.55555555555556 259 12.128919926

800 758 94.75 235 10.078018803

800 757 94.625 255 10.292676374

800 758 94.75 290 10.456843952

800 758 94.75 999 10.481313706

900 843 93.66666666666667 304 11.250885262

900 851 94.55555555555556 761 11.655474282

900 848 94.22222222222221 579 11.309575127

600 569 94.83333333333334 469 8.701679966

900 856 95.11111111111111 797 11.410343736

700 671 95.85714285714285 547 9.761252069

600 572 95.33333333333334 434 7.958117983

600 575 95.83333333333334 575 8.856112705

700 666 95.14285714285714 146 9.767196285

700 668 95.42857142857143 134 9.496498231

384 338 88.02083333333334 592 4.539141001

162 145 89.50617283950618 8 2.035432611

2058 1657 80.51506316812439 340 25.263017288

