1132 882 77.91519434628975 225 6.912066662

996 779 78.21285140562249 260 5.542012119

92 82 89.13043478260869 419 1.014537095

840 638 75.95238095238095 1 4.813044889

400 310 77.5 2 2.644387239

1000 910 91.0 961 10.144338847

1000 905 90.5 164 9.233869607

900 870 96.66666666666667 574 7.296580028

1000 897 89.7 219 9.071831332

900 870 96.66666666666667 191 7.424126369

900 861 95.66666666666667 675 7.862824021

900 886 98.44444444444444 275 7.419772574

900 884 98.22222222222223 223 6.877499363

900 888 98.66666666666667 57 7.000086641

1260 997 79.12698412698413 620 8.05966253

1260 986 78.25396825396825 306 7.817781462

1260 988 78.41269841269842 76 7.813530737

1258 1004 79.80922098569158 268 8.127881868

1258 1003 79.72972972972973 50 7.881443454

1200 962 80.16666666666666 307 9.154256424

1200 962 80.16666666666666 767 8.546632255

1300 1040 80.0 870 9.924492369

1300 1038 79.84615384615384 417 10.035545504

1200 974 81.16666666666667 634 9.096861921

1200 949 79.08333333333334 313 8.781196017

800 745 93.125 756 5.840955667

800 738 92.25 12 6.136015233

800 732 91.5 420 5.950793311

800 728 91.0 54 6.457091855

900 829 92.11111111111111 468 6.71587467

900 820 91.11111111111111 636 7.045194187

800 739 92.375 39 6.104163229

800 748 93.5 635 6.550286311

800 735 91.875 519 6.201629794

800 726 90.75 423 6.423546173

900 823 91.44444444444444 17 6.813945956

900 827 91.88888888888889 225 7.180648459

900 824 91.55555555555556 811 7.060073362

600 559 93.16666666666666 604 5.31016567

900 828 92.0 24 7.142493122

700 652 93.14285714285714 819 5.597309088

600 550 91.66666666666666 421 4.945519853

600 547 91.16666666666666 794 5.053148795

700 644 92.0 172 5.461044153

700 638 91.14285714285715 478 5.72411953

384 305 79.42708333333334 52 3.256065873

162 142 87.65432098765432 24 1.282133303

2058 1581 76.82215743440233 258 16.296812234

