1132 877 77.47349823321554 474 14.561646029

996 785 78.81526104417671 578 13.337893539

92 83 90.21739130434783 102 2.043073467

840 640 76.19047619047619 1 11.52807493

400 309 77.25 1 5.976562996

1000 898 89.8 742 21.419044971

1000 918 91.8 603 22.182904305

900 862 95.77777777777777 219 17.673471986

1000 910 91.0 228 22.526860044

900 865 96.11111111111111 638 17.613745278

900 872 96.88888888888889 845 17.491267876

900 885 98.33333333333333 52 17.066941257

900 887 98.55555555555556 727 16.883568265

900 888 98.66666666666667 922 17.337604848

1260 1014 80.47619047619048 275 18.835502166

1260 1007 79.92063492063492 523 19.205455244

1260 1002 79.52380952380952 984 19.119134754

1258 983 78.13990461049285 364 19.194415759

1258 994 79.01430842607313 448 19.180604718

1200 966 80.5 790 21.028847206

1200 970 80.83333333333333 992 20.481797028

1300 1051 80.84615384615384 26 22.222740886

1300 1040 80.0 896 22.698608758

1200 966 80.5 673 21.456175987

1200 981 81.75 447 21.153192449

800 741 92.625 393 14.118469972

800 744 93.0 125 14.426749628

800 742 92.75 645 14.0708864

800 742 92.75 704 14.239224727

900 837 93.0 441 16.374015519

900 835 92.77777777777779 776 16.345112688

800 741 92.625 425 15.038791899

800 742 92.75 341 14.556947384

800 739 92.375 527 15.316679679

800 752 94.0 905 14.371649395

900 827 91.88888888888889 208 16.228773803

900 825 91.66666666666666 905 16.837441041

900 839 93.22222222222221 609 15.998695456

600 554 92.33333333333333 868 11.993181215

900 842 93.55555555555556 898 16.262794045

700 645 92.14285714285714 237 13.131837459

600 548 91.33333333333333 263 11.629127996

600 551 91.83333333333333 33 12.050439729

700 654 93.42857142857143 186 13.416491261

700 642 91.71428571428571 899 13.631985261

384 317 82.55208333333334 314 6.630703896

162 141 87.03703703703704 7 2.678073914

2058 1601 77.79397473275024 751 35.892877694

