1132 891 78.71024734982332 46 6.233014961

996 792 79.51807228915662 105 6.042672142

92 86 93.47826086956522 59 1.160891223

840 640 76.19047619047619 1 4.834812033

400 310 77.5 2 2.700054391

1000 921 92.10000000000001 167 8.99249547

1000 917 91.7 320 8.964946826

900 872 96.88888888888889 757 7.107639598

1000 915 91.5 660 9.242760513

900 876 97.33333333333334 302 7.280930114

900 876 97.33333333333334 635 7.128473608

900 896 99.55555555555556 549 7.073042628

900 897 99.66666666666667 420 6.931408987

900 897 99.66666666666667 125 6.809700445

1260 1027 81.5079365079365 544 8.060559033

1260 1020 80.95238095238095 180 8.315048083

1260 1027 81.5079365079365 531 8.131678953

1258 1022 81.24006359300478 978 8.039142095

1258 1032 82.0349761526232 398 8.087214669

1200 997 83.08333333333333 707 8.477277635

1200 1015 84.58333333333333 942 8.766710438

1300 1069 82.23076923076923 116 9.845338571

1300 1083 83.3076923076923 259 9.453497151

1200 1010 84.16666666666667 998 8.737680767

1200 1006 83.83333333333334 103 9.0155513

800 756 94.5 95 6.034801165

800 752 94.0 359 5.860865887

800 749 93.625 274 6.072554044

800 755 94.375 350 5.978698904

900 851 94.55555555555556 703 6.594807441

900 849 94.33333333333334 150 6.810211428

800 749 93.625 50 5.909110828

800 754 94.25 287 6.170901749

800 752 94.0 531 6.322450098

800 754 94.25 907 6.346735688

900 838 93.11111111111111 731 7.132160274

900 842 93.55555555555556 287 6.888953817

900 854 94.88888888888889 489 6.606949285

600 573 95.5 328 5.140540157

900 849 94.33333333333334 336 6.971317309

700 665 95.0 638 5.64603588

600 569 94.83333333333334 152 5.083980817

600 571 95.16666666666667 642 5.28042401

700 667 95.28571428571428 55 5.509666726

700 658 94.0 343 5.519448387

384 332 86.45833333333334 946 3.028037665

162 145 89.50617283950618 7 1.36018302

2058 1640 79.68901846452867 434 15.334290193

