1132 894 78.97526501766784 24 14.946091358

996 796 79.91967871485943 18 14.099289963

92 88 95.65217391304348 220 2.250200231

840 638 75.95238095238095 1 11.071806771

400 310 77.5 1 6.397984167

1000 921 92.10000000000001 265 22.172395334

1000 937 93.7 659 21.616585471

900 889 98.77777777777777 456 17.750672473

1000 923 92.30000000000001 107 21.68035066

900 882 98.0 943 18.174043076

900 879 97.66666666666667 567 17.603166868

900 897 99.66666666666667 647 17.51094101

900 898 99.77777777777777 833 17.833135176

900 897 99.66666666666667 121 16.731220222

1260 1073 85.15873015873015 103 20.22165555

1260 1061 84.2063492063492 972 18.589554488

1260 1063 84.36507936507937 886 20.241495887

1258 1045 83.06836248012719 591 19.83656839

1258 1069 84.97615262321145 383 19.600670944

1200 1018 84.83333333333334 760 21.740805218

1200 1022 85.16666666666667 89 20.719280587

1300 1108 85.23076923076923 282 22.422454059

1300 1099 84.53846153846155 227 22.928936862

1200 1038 86.5 618 21.046915654

1200 1022 85.16666666666667 571 21.448196797

800 765 95.625 725 14.226280396

800 756 94.5 399 15.039044171

800 761 95.125 150 14.350654597

800 760 95.0 605 15.078261094

900 854 94.88888888888889 58 16.343468433

900 851 94.55555555555556 69 16.011659367

800 763 95.375 755 15.146233543

800 764 95.5 283 15.04941146

800 762 95.25 279 14.41752478

800 762 95.25 507 14.15503121

900 857 95.22222222222221 287 16.176737473

900 851 94.55555555555556 333 16.05603526

900 861 95.66666666666667 888 15.959902682

600 577 96.16666666666667 433 12.674914941

900 860 95.55555555555556 646 17.013239974

700 676 96.57142857142857 319 13.30694616

600 576 96.0 271 12.087580016

600 581 96.83333333333334 966 12.117846642

700 675 96.42857142857143 504 12.984038045

700 676 96.57142857142857 837 12.789802468

384 337 87.76041666666666 139 6.576140568

162 145 89.50617283950618 12 2.875478924

2058 1683 81.77842565597668 748 37.049694106

