1132 894 78.97526501766784 516 11.37921011

996 794 79.71887550200803 86 9.342846776

92 87 94.56521739130434 139 1.604285018

840 638 75.95238095238095 1 7.857080136

400 310 77.5 1 4.680178973

1000 925 92.5 660 15.500624766

1000 919 91.9 546 15.315438043

900 875 97.22222222222221 595 12.550267079

1000 915 91.5 195 15.776285138

900 877 97.44444444444444 185 12.239975088

900 869 96.55555555555554 730 12.885305374

900 893 99.22222222222223 457 11.835354577

900 893 99.22222222222223 448 12.406052885

900 887 98.55555555555556 293 11.934705189

1260 1031 81.82539682539682 395 13.323494913

1260 1032 81.9047619047619 881 13.411047593

1260 1023 81.19047619047619 818 13.317661448

1258 1043 82.9093799682035 897 13.11801187

1258 1022 81.24006359300478 620 13.202846957

1200 987 82.25 564 15.05164411

1200 997 83.08333333333333 847 14.144241567

1300 1082 83.23076923076923 761 16.009949586

1300 1077 82.84615384615385 105 15.709451958

1200 1015 84.58333333333333 835 15.914691223

1200 999 83.25 731 15.920905807

800 755 94.375 971 11.07743552

800 752 94.0 532 10.156112763

800 755 94.375 904 10.34995317

800 745 93.125 105 9.937880434

900 851 94.55555555555556 215 11.886264711

900 840 93.33333333333333 310 11.644778322

800 753 94.125 185 10.213141091

800 762 95.25 392 10.144823421

800 756 94.5 88 11.08412831

800 754 94.25 516 10.254017299

900 850 94.44444444444444 416 11.980147821

900 852 94.66666666666667 940 12.660394438

900 843 93.66666666666667 366 11.457146744

600 568 94.66666666666667 470 8.609835145

900 854 94.88888888888889 806 11.479999826

700 668 95.42857142857143 889 9.460756897

600 564 94.0 278 8.080999366

600 569 94.83333333333334 833 8.803867188

700 665 95.0 109 9.390865978

700 668 95.42857142857143 526 9.17007181

384 340 88.54166666666666 258 5.028016412

162 143 88.27160493827161 5 2.003044352

2058 1633 79.3488824101069 950 27.751774102

