1132 886 78.26855123674912 483 7.275531308

996 784 78.714859437751 309 5.694763221

92 84 91.30434782608695 504 1.044843161

840 638 75.95238095238095 1 5.44023221

400 309 77.25 1 2.610939879

1000 907 90.7 659 9.034514908

1000 892 89.2 195 9.902762864

900 870 96.66666666666667 228 7.18898282

1000 906 90.60000000000001 431 9.249173133

900 864 96.0 91 7.463676548

900 872 96.88888888888889 850 7.276615008

900 883 98.11111111111111 141 7.182788494

900 888 98.66666666666667 295 7.336291785

900 889 98.77777777777777 261 7.005807425

1260 1005 79.76190476190477 574 7.818186363

1260 1001 79.44444444444444 884 8.089899444

1260 999 79.28571428571428 305 8.073721955

1258 993 78.93481717011129 30 7.70385671

1258 1005 79.88871224165341 391 7.943440541

1200 980 81.66666666666667 193 8.302462653

1200 978 81.5 167 8.619350589

1300 1075 82.6923076923077 774 9.781876638

1300 1059 81.46153846153847 30 9.464919467

1200 991 82.58333333333333 975 8.715260781

1200 979 81.58333333333333 797 8.953492245

800 743 92.875 44 5.753438777

800 734 91.75 210 6.010743631

800 751 93.875 816 5.921361914

800 736 92.0 39 5.883469163

900 831 92.33333333333333 446 7.309523782

900 833 92.55555555555556 766 7.194020572

800 742 92.75 156 5.989383656

800 741 92.625 798 5.976105148

800 737 92.125 563 6.600756406

800 745 93.125 681 6.284997078

900 825 91.66666666666666 986 6.662512321

900 836 92.88888888888889 283 6.958916468

900 836 92.88888888888889 46 6.573301212

600 560 93.33333333333333 769 5.289532017

900 835 92.77777777777779 255 6.7044036

700 655 93.57142857142857 302 5.440948768

600 564 94.0 734 4.74867773

600 556 92.66666666666666 22 4.914781235

700 649 92.71428571428572 365 5.462053848

700 657 93.85714285714286 57 5.466992054

384 324 84.375 944 2.937537679

162 141 87.03703703703704 8 1.243701325

2058 1635 79.44606413994168 452 16.437039785

