1132 893 78.886925795053 495 6.648873252

996 796 79.91967871485943 42 5.980174804

92 86 93.47826086956522 82 1.074107628

840 638 75.95238095238095 1 4.788108637

400 310 77.5 1 2.586834454

1000 910 91.0 750 9.549191097

1000 920 92.0 803 9.081255295

900 874 97.11111111111111 620 7.34714016

1000 920 92.0 734 9.31947637

900 875 97.22222222222221 571 7.402313165

900 871 96.77777777777777 54 7.162346886

900 895 99.44444444444444 313 6.904694897

900 897 99.66666666666667 249 7.108165612

900 895 99.44444444444444 110 6.884286766

1260 1019 80.87301587301587 164 8.164221151

1260 1019 80.87301587301587 44 8.365342104

1260 1017 80.71428571428572 191 8.133078082

1258 1031 81.95548489666137 39 7.988167882

1258 1019 81.00158982511924 460 7.801828735

1200 993 82.75 383 8.406032816

1200 997 83.08333333333333 486 8.293656168

1300 1090 83.84615384615385 255 9.443971557

1300 1073 82.53846153846153 779 9.401100969

1200 1006 83.83333333333334 151 9.313057288

1200 998 83.16666666666667 131 8.566825466

800 755 94.375 267 5.870749401

800 748 93.5 454 5.823604799

800 756 94.5 729 6.28207413

800 754 94.25 476 5.851484674

900 850 94.44444444444444 205 6.727637414

900 843 93.66666666666667 716 6.925664021

800 758 94.75 61 6.552919431

800 753 94.125 528 6.05586555

800 747 93.375 244 5.849714239

800 746 93.25 627 5.805581061

900 843 93.66666666666667 306 7.291234599

900 843 93.66666666666667 826 6.731377615

900 842 93.55555555555556 869 6.620985759

600 565 94.16666666666667 925 5.184560478

900 852 94.66666666666667 563 6.890483367

700 664 94.85714285714286 24 6.058610806

600 575 95.83333333333334 57 5.054911611

600 566 94.33333333333334 172 4.901147518

700 665 95.0 396 5.826444745

700 661 94.42857142857143 451 5.464991973

384 332 86.45833333333334 258 3.068189821

162 143 88.27160493827161 4 1.24596141

2058 1637 79.54324586977648 103 15.530105841

