1132 894 78.97526501766784 36 14.825860859

996 796 79.91967871485943 66 13.650479308

92 86 93.47826086956522 26 2.067235617

840 640 76.19047619047619 1 11.366449013

400 310 77.5 1 6.416939696

1000 952 95.19999999999999 576 21.96169106

1000 951 95.1 373 23.368787649

900 888 98.66666666666667 847 17.890574463

1000 950 95.0 819 22.333161814

900 894 99.33333333333333 638 17.289906711

900 892 99.11111111111111 818 17.954062912

900 898 99.77777777777777 92 17.257022114

900 899 99.8888888888889 47 16.825500008

900 897 99.66666666666667 128 16.972802858

1260 1090 86.5079365079365 853 19.414043157

1260 1079 85.63492063492063 324 19.730208951

1260 1066 84.60317460317461 402 19.353415834

1258 1078 85.69157392686805 975 19.091392047

1258 1076 85.53259141494436 923 19.141320829

1200 1028 85.66666666666667 337 20.616685132

1200 1031 85.91666666666666 108 20.468752157

1300 1116 85.84615384615385 503 22.611692627

1300 1110 85.38461538461539 780 23.340873051

1200 1043 86.91666666666666 687 20.81399393

1200 1037 86.41666666666666 308 20.961448075

800 763 95.375 709 14.01134169

800 764 95.5 361 14.601725547

800 764 95.5 188 14.177335302

800 760 95.0 111 14.129709196

900 856 95.11111111111111 86 15.915099659

900 852 94.66666666666667 133 16.121779152

800 759 94.875 311 14.378670483

800 768 96.0 140 14.298432391

800 764 95.5 253 14.450852558

800 763 95.375 168 14.325790574

900 858 95.33333333333334 210 16.490156591

900 858 95.33333333333334 391 16.302580373

900 859 95.44444444444444 563 16.561611833

600 582 97.0 435 11.941877556

900 864 96.0 320 16.353613735

700 679 97.0 579 13.427109563

600 583 97.16666666666667 252 11.619284097

600 582 97.0 674 12.170792865

700 678 96.85714285714285 687 13.40180245

700 679 97.0 933 13.451193388

384 340 88.54166666666666 122 7.520879327

162 145 89.50617283950618 16 2.939130087

2058 1743 84.6938775510204 235 36.504896022

