1132 894 78.97526501766784 43 14.472527544

996 795 79.81927710843374 124 13.489742617

92 88 95.65217391304348 29 2.008422255

840 640 76.19047619047619 1 11.538912661

400 308 77.0 1 5.904242275

1000 918 91.8 744 21.642489943

1000 922 92.2 314 22.17271192

900 883 98.11111111111111 680 17.667785389

1000 920 92.0 719 21.80665768

900 875 97.22222222222221 68 17.777972002

900 878 97.55555555555556 770 17.399356248

900 897 99.66666666666667 576 16.843859831

900 899 99.8888888888889 82 17.15480597

900 897 99.66666666666667 376 16.682532655

1260 1033 81.98412698412699 711 18.796795613

1260 1033 81.98412698412699 796 19.103071487

1260 1027 81.5079365079365 694 18.655087471

1258 1040 82.67090620031796 349 19.130135427

1258 1023 81.31955484896662 89 19.797500506

1200 995 82.91666666666667 204 21.060169845

1200 1007 83.91666666666666 441 21.049028858

1300 1082 83.23076923076923 895 22.229362277

1300 1070 82.3076923076923 349 22.450970478

1200 1017 84.75 588 21.235585417

1200 1010 84.16666666666667 483 20.887872377

800 761 95.125 674 14.275174662

800 759 94.875 984 14.314977976

800 758 94.75 217 14.168057257

800 753 94.125 847 14.313700062

900 847 94.11111111111111 625 16.145365609

900 845 93.88888888888889 219 16.098091148

800 761 95.125 153 14.400928964

800 762 95.25 417 14.24498949

800 756 94.5 528 15.137531704

800 757 94.625 404 14.135459674

900 847 94.11111111111111 40 16.346887723

900 848 94.22222222222221 109 16.053971455

900 847 94.11111111111111 89 16.20629164

600 575 95.83333333333334 522 12.419598589

900 854 94.88888888888889 404 16.617356064

700 668 95.42857142857143 560 13.247106473

600 573 95.5 392 11.927827122

600 578 96.33333333333334 62 11.913761087

700 671 95.85714285714285 917 13.551569846

700 669 95.57142857142857 145 12.906825523

384 338 88.02083333333334 544 6.693228053

162 143 88.27160493827161 7 2.724072198

2058 1640 79.68901846452867 256 36.006305105

