1132 894 78.97526501766784 81 10.447590113

996 796 79.91967871485943 22 10.246949165

92 88 95.65217391304348 493 1.663229412

840 638 75.95238095238095 1 8.668777983

400 309 77.25 1 4.740157982

1000 939 93.89999999999999 425 16.12511487

1000 924 92.4 950 15.814059703

900 877 97.44444444444444 565 12.381840774

1000 911 91.10000000000001 207 15.798786149

900 880 97.77777777777777 262 13.165261865

900 878 97.55555555555556 447 12.123509529

900 898 99.77777777777777 77 11.894938425

900 898 99.77777777777777 582 12.868765235

900 897 99.66666666666667 642 12.380509723

1260 1070 84.92063492063492 820 13.666360164

1260 1067 84.68253968253968 197 13.257210836

1260 1044 82.85714285714286 609 13.438125574

1258 1066 84.73767885532591 376 13.668993854

1258 1049 83.38632750397457 940 13.815212208

1200 1019 84.91666666666666 655 15.006868191

1200 1019 84.91666666666666 658 15.172572032

1300 1104 84.92307692307692 542 15.647467108

1300 1091 83.92307692307692 443 16.26106551

1200 1028 85.66666666666667 488 14.973141787

1200 1026 85.5 462 15.477042946

800 757 94.625 358 9.871817129

800 758 94.75 989 10.110900181

800 760 95.0 630 9.957357589

800 755 94.375 202 10.8741492

900 854 94.88888888888889 351 11.308061796

900 847 94.11111111111111 688 11.608559395

800 762 95.25 433 10.47805999

800 765 95.625 574 10.961276356

800 764 95.5 412 10.306933169

800 764 95.5 684 10.33079291

900 858 95.33333333333334 513 12.563231894

900 853 94.77777777777779 798 11.772778697

900 858 95.33333333333334 152 11.652068601

600 578 96.33333333333334 330 8.716297846

900 861 95.66666666666667 801 11.234425097

700 677 96.71428571428572 719 9.525624335

600 577 96.16666666666667 422 8.550362446

600 573 95.5 253 8.386974606

700 675 96.42857142857143 248 9.797108173

700 670 95.71428571428572 560 9.701911366

384 340 88.54166666666666 151 5.032150317

162 145 89.50617283950618 7 2.059792048

2058 1665 80.90379008746356 782 27.13923359

