1132 892 78.79858657243817 124 14.896384258

996 794 79.71887550200803 253 13.942274883

92 86 93.47826086956522 22 2.156444594

840 640 76.19047619047619 1 11.760705863

400 308 77.0 1 6.235608957

1000 922 92.2 610 21.322689597

1000 913 91.3 935 22.286411474

900 882 98.0 504 17.82652089

1000 914 91.4 415 22.462773148

900 876 97.33333333333334 305 18.254328391

900 873 97.0 905 17.378647379

900 895 99.44444444444444 484 17.075619748

900 891 99.0 358 16.88251787

900 893 99.22222222222223 48 16.769337402

1260 1012 80.31746031746032 633 19.582329674

1260 1018 80.7936507936508 362 19.075952562

1260 1017 80.71428571428572 294 18.911541529

1258 1011 80.36565977742448 196 19.251546442

1258 1016 80.7631160572337 278 19.506766399

1200 997 83.08333333333333 367 20.562160026

1200 1002 83.5 372 20.406740809

1300 1070 82.3076923076923 709 22.319441041

1300 1073 82.53846153846153 590 22.107850011

1200 997 83.08333333333333 237 21.110050138

1200 991 82.58333333333333 778 21.697795158

800 753 94.125 730 14.248311661

800 753 94.125 347 14.579472163

800 756 94.5 375 14.527716039

800 756 94.5 130 14.189719908

900 844 93.77777777777779 201 16.150546227

900 836 92.88888888888889 749 16.331033448

800 750 93.75 246 14.501052438

800 759 94.875 288 14.162767139

800 754 94.25 743 14.609919672

800 750 93.75 489 14.286128595

900 842 93.55555555555556 160 16.030543903

900 838 93.11111111111111 799 16.457837386

900 849 94.33333333333334 141 16.25578008

600 569 94.83333333333334 113 12.127927439

900 851 94.55555555555556 254 16.108343986

700 667 95.28571428571428 829 13.333249602

600 567 94.5 527 11.886026384

600 570 95.0 292 12.227445302

700 668 95.42857142857143 213 13.138452973

700 661 94.42857142857143 673 12.996768491

384 328 85.41666666666666 400 6.894176541

162 145 89.50617283950618 5 2.723978729

2058 1633 79.3488824101069 324 35.111517279

