1132 891 78.71024734982332 159 6.526321111

996 793 79.61847389558233 82 5.406273174

92 86 93.47826086956522 41 1.021980774

840 638 75.95238095238095 1 4.718035414

400 305 76.25 1 2.575188973

1000 921 92.10000000000001 211 9.38779546

1000 930 93.0 621 9.300060677

900 872 96.88888888888889 706 7.244914102

1000 927 92.7 195 9.516598567

900 877 97.44444444444444 573 7.196150103

900 874 97.11111111111111 173 7.602152199

900 896 99.55555555555556 321 7.41432866

900 894 99.33333333333333 274 7.168269383

900 897 99.66666666666667 198 7.082767262

1260 1061 84.2063492063492 604 8.313092331

1260 1033 81.98412698412699 853 7.869932278

1260 1038 82.38095238095238 353 7.690779431

1258 1046 83.14785373608903 148 8.049573844

1258 1044 82.98887122416534 850 8.015201676

1200 1002 83.5 377 8.322744898

1200 1023 85.25 553 9.574614636

1300 1098 84.46153846153847 368 9.285241033

1300 1071 82.38461538461539 901 9.178857125

1200 1032 86.0 641 8.726803619

1200 1006 83.83333333333334 732 8.673035226

800 760 95.0 711 5.816263611

800 758 94.75 841 5.887358647

800 760 95.0 795 5.831547415

800 754 94.25 167 6.079355523

900 846 94.0 675 6.761621427

900 845 93.88888888888889 524 6.526865175

800 757 94.625 556 6.011383173

800 758 94.75 332 5.905593218

800 755 94.375 393 6.338558504

800 750 93.75 706 5.970795739

900 848 94.22222222222221 709 6.957112498

900 848 94.22222222222221 535 6.645663364

900 848 94.22222222222221 255 6.609960459

600 573 95.5 503 5.393530935

900 855 95.0 789 6.585038652

700 672 96.0 959 5.703403942

600 568 94.66666666666667 901 5.045025505

600 580 96.66666666666667 496 4.928858212

700 666 95.14285714285714 501 5.4969508

700 668 95.42857142857143 971 5.468966048

384 338 88.02083333333334 251 2.910591349

162 143 88.27160493827161 32 1.309200051

2058 1637 79.54324586977648 48 15.014753238

