1132 875 77.29681978798587 847 10.527061849

996 785 78.81526104417671 43 9.492257955

92 76 82.6086956521739 482 1.675634234

840 634 75.47619047619048 1 8.280620774

400 310 77.5 1 4.277848551

1000 903 90.3 180 15.410073559

1000 899 89.9 714 15.293345076

900 869 96.55555555555554 154 12.342422639

1000 908 90.8 88 15.362567924

900 860 95.55555555555556 839 12.607175774

900 856 95.11111111111111 12 12.749582313

900 888 98.66666666666667 31 11.906289086

900 888 98.66666666666667 742 12.35471189

900 879 97.66666666666667 62 11.86132378

1260 992 78.73015873015873 168 13.939352074

1260 994 78.88888888888889 286 13.272597767

1260 984 78.0952380952381 713 13.458981534

1258 1001 79.57074721780603 985 14.885287443

1258 986 78.37837837837837 68 13.180947897

1200 987 82.25 881 14.501593494

1200 971 80.91666666666667 798 14.61168592

1300 1047 80.53846153846153 273 15.561473459

1300 1040 80.0 723 15.965799047

1200 988 82.33333333333334 891 15.241024298

1200 956 79.66666666666666 311 15.678239042

800 728 91.0 848 10.22407649

800 732 91.5 48 10.482169132

800 738 92.25 567 10.841786929

800 739 92.375 665 10.499586778

900 831 92.33333333333333 214 11.494022278

900 817 90.77777777777779 346 11.800216892

800 727 90.875 811 10.567047229

800 736 92.0 457 10.24195851

800 731 91.375 706 10.26087749

800 733 91.625 561 10.298432719

900 831 92.33333333333333 683 11.802254339

900 823 91.44444444444444 268 11.479959891

900 819 91.0 99 12.018270237

600 547 91.16666666666666 756 9.487150999

900 831 92.33333333333333 852 11.623724617

700 641 91.57142857142857 997 9.291619997

600 546 91.0 215 8.503855758

600 552 92.0 25 8.86545963

700 653 93.28571428571428 375 9.254088358

700 648 92.57142857142857 187 9.61769604

384 316 82.29166666666666 570 5.229215212

162 141 87.03703703703704 14 2.015228918

2058 1597 77.59961127308065 122 25.67799772

