1132 889 78.53356890459364 196 6.086251382

996 796 79.91967871485943 164 5.65011681

92 88 95.65217391304348 132 1.045533511

840 638 75.95238095238095 1 4.986482458

400 309 77.25 2 2.713471687

1000 920 92.0 405 8.956043362

1000 914 91.4 181 9.101745049

900 873 97.0 694 7.613456399

1000 912 91.2 179 9.292212612

900 877 97.44444444444444 34 7.505726832

900 870 96.66666666666667 248 7.121107204

900 897 99.66666666666667 989 7.211257985

900 891 99.0 166 6.938300136

900 897 99.66666666666667 226 7.620786622

1260 1031 81.82539682539682 794 7.915923254

1260 1032 81.9047619047619 139 7.751326121

1260 1012 80.31746031746032 722 7.75999916

1258 1027 81.637519872814 791 8.928247704

1258 1018 80.9220985691574 513 8.049286846

1200 996 83.0 467 8.305966967

1200 1014 84.5 587 8.31840567

1300 1077 82.84615384615385 148 9.282174212

1300 1073 82.53846153846153 289 9.614524387

1200 1008 84.0 971 9.115315549

1200 1003 83.58333333333333 220 8.680916375

800 754 94.25 319 6.105669633

800 751 93.875 721 5.922768355

800 754 94.25 73 5.888743717

800 746 93.25 778 5.841752603

900 844 93.77777777777779 950 6.587319669

900 844 93.77777777777779 480 6.618955508

800 754 94.25 241 6.047731125

800 752 94.0 452 5.922455854

800 753 94.125 690 5.896089276

800 751 93.875 618 5.830970071

900 848 94.22222222222221 487 6.673502812

900 840 93.33333333333333 289 6.745223559

900 849 94.33333333333334 176 6.887335949

600 574 95.66666666666667 776 5.382285545

900 844 93.77777777777779 854 6.990781183

700 671 95.85714285714285 386 5.427245704

600 570 95.0 321 5.00872183

600 565 94.16666666666667 276 5.194144297

700 671 95.85714285714285 163 5.360515099

700 656 93.71428571428572 445 5.349999019

384 338 88.02083333333334 704 2.906142883

162 143 88.27160493827161 12 1.264997147

2058 1643 79.83479105928085 299 15.739600254

