1132 893 78.886925795053 339 6.248718079

996 796 79.91967871485943 24 5.440152234

92 88 95.65217391304348 53 1.038697462

840 638 75.95238095238095 1 5.025919114

400 306 76.5 1 2.585047988

1000 947 94.69999999999999 672 9.496976978

1000 938 93.8 606 9.225666398

900 888 98.66666666666667 648 7.273293868

1000 936 93.60000000000001 691 9.275077906

900 889 98.77777777777777 808 7.209598484

900 889 98.77777777777777 241 7.546590437

900 899 99.8888888888889 931 6.95662465

900 900 100.0 281 6.945818692

900 899 99.8888888888889 217 7.068838022

1260 1052 83.4920634920635 410 8.450800748

1260 1057 83.88888888888889 597 8.054934889

1260 1075 85.31746031746032 295 7.854300612

1258 1074 85.37360890302067 791 8.260699331

1258 1073 85.29411764705883 829 7.711874537

1200 1015 84.58333333333333 692 8.346483123

1200 1028 85.66666666666667 622 8.302664253

1300 1109 85.3076923076923 771 9.128117504

1300 1107 85.15384615384616 585 9.411336007

1200 1036 86.33333333333333 327 8.86105154

1200 1030 85.83333333333333 358 8.82958858

800 763 95.375 515 5.793474087

800 762 95.25 986 7.074234179

800 762 95.25 512 5.996299881

800 761 95.125 459 5.979982545

900 852 94.66666666666667 509 6.822866509

900 853 94.77777777777779 526 7.445626076

800 762 95.25 589 7.198041854

800 767 95.875 599 6.425406987

800 757 94.625 983 6.301283985

800 757 94.625 210 5.922521738

900 852 94.66666666666667 363 7.153059688

900 856 95.11111111111111 712 6.909607402

900 855 95.0 558 7.092656631

600 582 97.0 454 5.12273171

900 865 96.11111111111111 839 6.689563545

700 677 96.71428571428572 510 5.440411116

600 583 97.16666666666667 690 4.679180057

600 580 96.66666666666667 605 5.269851156

700 674 96.28571428571429 125 5.356014379

700 671 95.85714285714285 493 5.405890978

384 342 89.0625 600 3.004454666

162 145 89.50617283950618 19 1.284390201

2058 1705 82.84742468415938 680 15.534434828

