1132 881 77.8268551236749 185 11.022713881

996 778 78.1124497991968 170 9.648267725

92 75 81.52173913043478 740 1.650048403

840 628 74.76190476190476 1 8.563149301

400 306 76.5 1 4.218871048

1000 887 88.7 139 16.062926122

1000 897 89.7 962 15.834805616

900 855 95.0 753 13.061786977

1000 888 88.8 467 16.738970259

900 857 95.22222222222221 828 12.853203179

900 862 95.77777777777777 108 12.711722974

900 874 97.11111111111111 492 12.091144646

900 880 97.77777777777777 132 12.36908043

900 887 98.55555555555556 133 12.482809777

1260 943 74.84126984126985 228 13.590542462

1260 955 75.79365079365078 239 13.988849276

1260 959 76.11111111111111 987 13.833599913

1258 958 76.15262321144675 591 14.778586213

1258 995 79.09379968203497 601 13.892793586

1200 934 77.83333333333333 452 14.289360975

1200 946 78.83333333333333 534 15.199509174

1300 1031 79.3076923076923 711 15.735615814

1300 1036 79.6923076923077 862 16.933290227

1200 958 79.83333333333333 480 15.450684738

1200 955 79.58333333333333 12 15.667079703

800 737 92.125 737 10.072660105

800 732 91.5 383 10.164993259

800 728 91.0 401 10.843440586

800 729 91.125 716 10.567322003

900 812 90.22222222222223 133 12.304378355

900 799 88.77777777777777 961 11.821180403

800 727 90.875 211 10.555378488

800 718 89.75 337 10.233638049

800 720 90.0 164 10.490113085

800 731 91.375 105 10.766054533

900 823 91.44444444444444 921 12.032104727

900 813 90.33333333333333 276 12.003100348

900 808 89.77777777777777 67 11.825675609

600 542 90.33333333333333 841 8.912440788

900 826 91.77777777777779 298 11.793789682

700 638 91.14285714285715 391 9.421721916

600 551 91.83333333333333 255 9.04104077

600 544 90.66666666666666 527 8.599597697

700 635 90.71428571428571 731 9.52347941

700 645 92.14285714285714 306 9.421408696

384 302 78.64583333333334 139 5.175796622

162 129 79.62962962962963 111 2.06947663

2058 1588 77.16229348882409 902 26.839762633

