1132 891 78.71024734982332 32 10.863977609

996 793 79.61847389558233 26 10.218005897

92 88 95.65217391304348 336 1.616390424

840 640 76.19047619047619 1 8.39499827

400 309 77.25 1 4.50495686

1000 921 92.10000000000001 862 15.675971085

1000 933 93.30000000000001 800 16.542854193

900 873 97.0 474 12.933860784

1000 918 91.8 318 15.753560627

900 881 97.88888888888889 483 12.940610485

900 876 97.33333333333334 649 12.996144444

900 898 99.77777777777777 284 13.278278858

900 895 99.44444444444444 210 12.414287063

900 896 99.55555555555556 359 13.095238477

1260 1027 81.5079365079365 977 13.742260601

1260 1040 82.53968253968253 142 13.291936787

1260 1029 81.66666666666667 468 13.195115252

1258 1016 80.7631160572337 288 14.482088173

1258 1022 81.24006359300478 208 14.322598226

1200 1001 83.41666666666666 87 14.689291229

1200 1022 85.16666666666667 371 14.870945951

1300 1094 84.15384615384616 197 16.035234324

1300 1069 82.23076923076923 886 17.083497979

1200 1009 84.08333333333333 862 15.761593538

1200 1008 84.0 441 15.100242058

800 761 95.125 477 9.955430177

800 754 94.25 213 10.03764316

800 759 94.875 990 9.966151286

800 758 94.75 499 10.796544301

900 847 94.11111111111111 403 11.974526412

900 844 93.77777777777779 943 11.737608159

800 755 94.375 803 10.9522033

800 757 94.625 814 10.000374954

800 755 94.375 399 10.372367235

800 757 94.625 897 10.07622075

900 843 93.66666666666667 302 11.693698529

900 846 94.0 155 11.559641756

900 850 94.44444444444444 599 11.763328561

600 575 95.83333333333334 907 9.375843135

900 855 95.0 308 11.884343969

700 668 95.42857142857143 233 9.584923793

600 571 95.16666666666667 251 7.94361518

600 577 96.16666666666667 454 8.647047291

700 667 95.28571428571428 322 9.149787247

700 663 94.71428571428572 531 9.740685014

384 342 89.0625 947 4.666349065

162 145 89.50617283950618 88 1.990612966

2058 1669 81.09815354713314 241 25.550989475

