1132 883 78.00353356890459 606 6.525909635

996 783 78.6144578313253 431 5.537770463

92 83 90.21739130434783 526 1.064915583

840 632 75.23809523809524 1 4.863246536

400 307 76.75 1 2.633215554

1000 901 90.10000000000001 40 9.383808695

1000 912 91.2 626 9.191780209

900 861 95.66666666666667 662 7.641097021

1000 900 90.0 76 9.457162405

900 855 95.0 231 7.379587531

900 854 94.88888888888889 200 7.538325965

900 888 98.66666666666667 40 7.244290825

900 884 98.22222222222223 666 6.961882404

900 886 98.44444444444444 235 7.198060171

1260 982 77.93650793650794 491 8.296015851

1260 994 78.88888888888889 98 8.306822101

1260 994 78.88888888888889 239 7.938279525

1258 975 77.50397456279809 556 7.902666693

1258 991 78.7758346581876 513 8.290363259

1200 984 82.0 74 8.496175186

1200 979 81.58333333333333 130 8.343759319

1300 1052 80.92307692307692 48 9.466047351

1300 1052 80.92307692307692 781 9.668003334

1200 981 81.75 335 8.824177413

1200 993 82.75 206 9.127442795

800 742 92.75 944 6.140630673

800 747 93.375 630 6.512681858

800 747 93.375 957 6.875726962

800 736 92.0 811 6.318842949

900 830 92.22222222222223 36 6.705584658

900 834 92.66666666666666 617 6.625467751

800 742 92.75 144 6.041114828

800 736 92.0 554 6.21590584

800 745 93.125 495 5.917150788

800 738 92.25 492 6.028459795

900 828 92.0 380 6.683658943

900 842 93.55555555555556 86 6.855101936

900 835 92.77777777777779 61 6.919640103

600 550 91.66666666666666 747 4.997624126

900 836 92.88888888888889 259 7.377246472

700 647 92.42857142857143 101 5.439609617

600 554 92.33333333333333 217 4.79392285

600 571 95.16666666666667 82 5.039023175

700 657 93.85714285714286 892 5.586038083

700 654 93.42857142857143 985 5.614312375

384 314 81.77083333333334 506 2.941318313

162 141 87.03703703703704 15 1.541173938

2058 1621 78.76579203109816 134 16.03918468

