1132 893 78.886925795053 473 6.223538815

996 790 79.31726907630522 60 5.798824641

92 88 95.65217391304348 262 1.050975702

840 640 76.19047619047619 1 5.165154944

400 309 77.25 2 2.703015848

1000 916 91.60000000000001 270 9.162200708

1000 924 92.4 193 9.071114692

900 872 96.88888888888889 485 7.495447061

1000 929 92.9 113 9.114806625

900 877 97.44444444444444 289 7.146185287

900 879 97.66666666666667 982 7.407272631

900 896 99.55555555555556 625 7.812492324

900 899 99.8888888888889 605 6.943625363

900 898 99.77777777777777 40 7.133738214

1260 1040 82.53968253968253 500 8.014671159

1260 1033 81.98412698412699 865 7.867088123

1260 1038 82.38095238095238 865 7.843476823

1258 1047 83.22734499205087 560 7.750836781

1258 1046 83.14785373608903 362 7.714349282

1200 1000 83.33333333333334 617 8.707717121

1200 1019 84.91666666666666 571 8.877596962

1300 1098 84.46153846153847 449 9.142871409

1300 1091 83.92307692307692 547 9.10002456

1200 1017 84.75 378 8.756677123

1200 1009 84.08333333333333 553 8.571337478

800 762 95.25 827 5.859859745

800 758 94.75 283 6.089917745

800 762 95.25 683 6.16368063

800 759 94.875 862 5.860615942

900 854 94.88888888888889 406 6.747060485

900 850 94.44444444444444 647 6.628735815

800 758 94.75 222 6.007064365

800 762 95.25 281 5.896481749

800 758 94.75 585 5.834492431

800 765 95.625 883 5.87316861

900 850 94.44444444444444 768 6.711707639

900 845 93.88888888888889 400 6.766452706

900 851 94.55555555555556 415 6.618553681

600 577 96.16666666666667 700 4.902513353

900 860 95.55555555555556 551 6.567586233

700 671 95.85714285714285 990 5.316732543

600 574 95.66666666666667 413 4.775068414

600 579 96.5 671 5.090596678

700 675 96.42857142857143 275 5.588295738

700 662 94.57142857142857 374 5.430527134

384 336 87.5 328 3.529705331

162 145 89.50617283950618 38 1.389555693

2058 1648 80.07774538386784 834 16.496103148

