1132 894 78.97526501766784 65 11.32449977

996 796 79.91967871485943 58 9.542269823

92 88 95.65217391304348 74 1.766611585

840 640 76.19047619047619 1 8.160844023

400 308 77.0 1 4.309888223

1000 937 93.7 808 16.314518656

1000 936 93.60000000000001 74 15.779550079

900 886 98.44444444444444 74 13.306389094

1000 933 93.30000000000001 231 15.23867282

900 885 98.33333333333333 613 12.870024411

900 885 98.33333333333333 903 12.302154552

900 898 99.77777777777777 58 11.892494628

900 900 100.0 105 11.743837791

900 896 99.55555555555556 485 12.692453696

1260 1047 83.0952380952381 364 14.321689618

1260 1059 84.04761904761905 177 14.256842958

1260 1053 83.57142857142857 858 13.609387338

1258 1059 84.18124006359301 786 13.357246478

1258 1048 83.30683624801271 795 14.254570046

1200 1014 84.5 151 14.531719178

1200 1024 85.33333333333334 643 14.738074485

1300 1102 84.76923076923077 386 15.967836586

1300 1093 84.07692307692308 222 16.425081677

1200 1024 85.33333333333334 338 14.674283534

1200 1018 84.83333333333334 537 15.334112989

800 762 95.25 159 10.024370589

800 762 95.25 169 10.185263522

800 762 95.25 259 10.712461463

800 757 94.625 414 10.394233062

900 852 94.66666666666667 208 12.038814767

900 851 94.55555555555556 343 11.853874839

800 764 95.5 245 10.573264157

800 766 95.75 324 10.429044808

800 762 95.25 248 10.505674615

800 763 95.375 348 10.581706233

900 853 94.77777777777779 233 11.472801726

900 854 94.88888888888889 66 11.457751534

900 854 94.88888888888889 191 11.220292947

600 580 96.66666666666667 692 8.473968585

900 859 95.44444444444444 570 11.422498719

700 673 96.14285714285714 821 9.690766007

600 577 96.16666666666667 777 8.434790813

600 577 96.16666666666667 339 8.910208695

700 670 95.71428571428572 793 9.240011909

700 669 95.57142857142857 188 9.649975507

384 342 89.0625 483 5.46114428

162 145 89.50617283950618 13 1.983458874

2058 1665 80.90379008746356 634 25.343116053

