1132 894 78.97526501766784 61 11.527472784

996 788 79.11646586345381 57 10.102823638

92 88 95.65217391304348 191 1.748724914

840 638 75.95238095238095 1 8.134166327

400 310 77.5 1 4.573456077

1000 922 92.2 421 15.905532458

1000 919 91.9 34 16.614831032

900 872 96.88888888888889 563 12.569834277

1000 918 91.8 581 15.674985812

900 877 97.44444444444444 55 13.737056653

900 877 97.44444444444444 54 12.712260042

900 897 99.66666666666667 89 11.956834941

900 898 99.77777777777777 42 11.911853571

900 897 99.66666666666667 364 12.616130602

1260 1030 81.74603174603175 434 14.478217155

1260 1036 82.22222222222221 214 14.101764546

1260 1038 82.38095238095238 862 14.133219486

1258 1029 81.79650238473768 761 13.513256995

1258 1034 82.1939586645469 734 13.243312396

1200 1002 83.5 52 14.729393635

1200 1013 84.41666666666666 312 14.719678854

1300 1083 83.3076923076923 357 15.589193964

1300 1083 83.3076923076923 931 15.518040036

1200 1008 84.0 633 14.760795473

1200 1008 84.0 799 15.00776292

800 757 94.625 359 9.750850716

800 763 95.375 319 10.07665347

800 756 94.5 93 10.012697801

800 759 94.875 181 10.016931305

900 855 95.0 209 11.49593899

900 846 94.0 131 11.519775316

800 756 94.5 153 10.03043684

800 753 94.125 353 10.371901445

800 761 95.125 212 10.754955396

800 755 94.375 881 9.954717135

900 850 94.44444444444444 567 11.167718244

900 851 94.55555555555556 259 11.655636807

900 855 95.0 491 11.943406457

600 573 95.5 38 8.880429151

900 858 95.33333333333334 161 11.538363906

700 670 95.71428571428572 240 9.365922373

600 575 95.83333333333334 992 8.066838492

600 572 95.33333333333334 184 8.731076089

700 670 95.71428571428572 169 9.610144586

700 667 95.28571428571428 489 9.227204516

384 330 85.9375 111 4.844317227

162 145 89.50617283950618 7 2.246229218

2058 1649 80.12633624878522 516 26.616205101

