1132 891 78.71024734982332 54 6.034536052

996 795 79.81927710843374 59 5.340927667

92 87 94.56521739130434 294 1.330960401

840 640 76.19047619047619 1 4.824102465

400 310 77.5 2 2.501176891

1000 914 91.4 642 9.0152701

1000 922 92.2 820 9.111921105

900 879 97.66666666666667 668 7.225575692

1000 916 91.60000000000001 923 9.031130417

900 874 97.11111111111111 896 7.690665975

900 875 97.22222222222221 50 7.106109988

900 894 99.33333333333333 340 6.926995058

900 894 99.33333333333333 218 7.182810612

900 896 99.55555555555556 166 7.094332103

1260 1025 81.34920634920636 489 7.762118298

1260 1023 81.19047619047619 44 8.202481364

1260 1024 81.26984126984127 609 7.85888402

1258 1012 80.44515103338632 464 7.80859146

1258 1036 82.35294117647058 410 7.986162337

1200 1001 83.41666666666666 189 8.553829339

1200 1004 83.66666666666667 203 8.231891403

1300 1074 82.61538461538461 362 9.10452455

1300 1070 82.3076923076923 860 9.095961919

1200 1015 84.58333333333333 601 8.721727377

1200 1000 83.33333333333334 335 8.67724129

800 756 94.5 257 5.939570086

800 750 93.75 854 5.868106046

800 751 93.875 145 5.805099111

800 750 93.75 801 5.926741721

900 844 93.77777777777779 452 6.779047721

900 844 93.77777777777779 172 6.643590605

800 757 94.625 274 6.183765816

800 756 94.5 377 5.910683333

800 751 93.875 892 6.091500363

800 754 94.25 752 5.819347824

900 850 94.44444444444444 902 6.571756253

900 843 93.66666666666667 546 6.646070969

900 846 94.0 472 6.649015275

600 576 96.0 260 4.985182994

900 855 95.0 266 6.460963707

700 666 95.14285714285714 145 5.443795202

600 566 94.33333333333334 141 4.925966871

600 570 95.0 315 5.080000718

700 672 96.0 755 5.397326935

700 665 95.0 259 5.283600816

384 338 88.02083333333334 902 2.898657854

162 145 89.50617283950618 16 1.381995139

2058 1639 79.64042759961127 275 15.124161341

