1132 892 78.79858657243817 243 15.60746135

996 791 79.41767068273093 69 13.750943324

92 88 95.65217391304348 29 2.190344224

840 638 75.95238095238095 1 11.679971913

400 308 77.0 1 6.303147919

1000 915 91.5 578 21.798935643

1000 919 91.9 448 21.495428261

900 871 96.77777777777777 817 17.52780193

1000 910 91.0 840 23.190129078

900 877 97.44444444444444 420 17.60215625

900 867 96.33333333333334 429 17.906221149

900 894 99.33333333333333 103 16.9260917

900 890 98.88888888888889 396 17.142650354

900 892 99.11111111111111 444 17.086960061

1260 1025 81.34920634920636 414 18.977703322

1260 1022 81.11111111111111 661 18.777002192

1260 1029 81.66666666666667 489 19.663149686

1258 1015 80.68362480127186 650 18.673838312

1258 1020 81.08108108108108 485 19.236578823

1200 977 81.41666666666667 473 20.209740636

1200 1012 84.33333333333334 232 20.247685486

1300 1070 82.3076923076923 29 22.380168918

1300 1078 82.92307692307692 65 22.305934564

1200 994 82.83333333333334 281 21.265584056

1200 996 83.0 162 21.458522952

800 750 93.75 508 14.10055587

800 751 93.875 147 14.925247817

800 754 94.25 639 14.734735705

800 736 92.0 186 14.460316241

900 854 94.88888888888889 213 16.775525673

900 837 93.0 477 16.201183696

800 751 93.875 436 14.871731981

800 752 94.0 479 14.262241929

800 746 93.25 105 14.631703263

800 754 94.25 400 14.859330752

900 836 92.88888888888889 285 16.579283021

900 842 93.55555555555556 134 16.479156103

900 845 93.88888888888889 202 15.924049104

600 571 95.16666666666667 132 11.975807805

900 847 94.11111111111111 972 16.16465171

700 656 93.71428571428572 185 13.046120734

600 567 94.5 343 11.395066543

600 561 93.5 593 12.281134767

700 660 94.28571428571428 945 13.049712066

700 658 94.0 524 12.921076978

384 332 86.45833333333334 572 6.801082594

162 143 88.27160493827161 6 2.722762888

2058 1631 79.25170068027211 556 36.304149423

