1132 885 78.18021201413427 232 6.21461725

996 780 78.3132530120482 766 5.505277547

92 79 85.86956521739131 554 1.438193997

840 640 76.19047619047619 1 4.76224868

400 304 76.0 1 3.137508151

1000 886 88.6 888 9.415219012

1000 895 89.5 415 9.43540017

900 860 95.55555555555556 849 7.207102217

1000 895 89.5 581 9.235806195

900 855 95.0 665 7.226201865

900 847 94.11111111111111 165 7.509268732

900 876 97.33333333333334 188 7.602626526

900 878 97.55555555555556 61 7.031771239

900 879 97.66666666666667 828 7.173761716

1260 982 77.93650793650794 424 8.099376285

1260 985 78.17460317460318 623 7.921222969

1260 977 77.53968253968254 54 7.899526269

1258 1000 79.4912559618442 978 7.906451665

1258 990 78.69634340222575 771 7.922986779

1200 975 81.25 535 8.309253513

1200 979 81.58333333333333 98 8.427887924

1300 1073 82.53846153846153 364 9.501632652

1300 1052 80.92307692307692 174 9.403698349

1200 997 83.08333333333333 784 8.88930542

1200 969 80.75 254 8.941334449

800 742 92.75 100 6.413977188

800 738 92.25 854 6.217861204

800 741 92.625 771 5.949959807

800 740 92.5 186 6.131473215

900 826 91.77777777777779 211 6.713754982

900 828 92.0 856 6.998343382

800 746 93.25 172 6.05373313

800 743 92.875 943 6.086975704

800 742 92.75 584 5.991268125

800 738 92.25 103 6.04146977

900 836 92.88888888888889 724 6.663431755

900 815 90.55555555555556 371 6.908877839

900 825 91.66666666666666 489 6.570547276

600 556 92.66666666666666 904 5.329179737

900 832 92.44444444444444 288 7.230809718

700 644 92.0 509 5.585947753

600 557 92.83333333333333 663 5.316151741

600 561 93.5 110 5.211585945

700 657 93.85714285714286 76 5.581613892

700 648 92.57142857142857 639 5.469833081

384 322 83.85416666666666 415 2.836929402

162 139 85.80246913580247 87 1.311978789

2058 1581 76.82215743440233 860 15.284234259

