1132 894 78.97526501766784 14 15.001867456

996 796 79.91967871485943 20 13.647429198

92 88 95.65217391304348 35 2.081390515

840 640 76.19047619047619 1 11.783516583

400 309 77.25 1 6.140135426

1000 927 92.7 395 21.578441508

1000 939 93.89999999999999 194 21.854429882

900 881 97.88888888888889 567 17.515305146

1000 925 92.5 200 21.688507474

900 890 98.88888888888889 890 17.115373614

900 882 98.0 965 17.332234193

900 899 99.8888888888889 106 17.219593743

900 898 99.77777777777777 630 16.959460456

900 897 99.66666666666667 35 17.015678874

1260 1062 84.28571428571429 804 19.137235355

1260 1053 83.57142857142857 731 18.48076021

1260 1040 82.53968253968253 555 19.150644099

1258 1041 82.75039745627981 175 19.344879853

1258 1050 83.46581875993641 539 18.924862445

1200 1010 84.16666666666667 533 20.449585752

1200 1027 85.58333333333333 305 20.427566782

1300 1104 84.92307692307692 406 22.86208765

1300 1098 84.46153846153847 735 22.2355224

1200 1018 84.83333333333334 230 21.199012071

1200 1014 84.5 690 22.018999324

800 762 95.25 334 13.892983266

800 761 95.125 38 14.374854877

800 761 95.125 460 14.411663055

800 759 94.875 254 14.177210921

900 850 94.44444444444444 13 16.130747259

900 851 94.55555555555556 415 16.126564451

800 762 95.25 298 14.74366694

800 768 96.0 79 14.70206985

800 756 94.5 644 14.489911067

800 764 95.5 603 14.591889518

900 856 95.11111111111111 850 16.390177673

900 856 95.11111111111111 864 16.389482862

900 858 95.33333333333334 129 16.049962019

600 575 95.83333333333334 937 11.924880799

900 861 95.66666666666667 381 15.801156228

700 673 96.14285714285714 617 12.853922806

600 572 95.33333333333334 185 11.721623216

600 580 96.66666666666667 986 12.076802135

700 675 96.42857142857143 78 12.861283897

700 669 95.57142857142857 541 12.801605647

384 338 88.02083333333334 267 6.648886202

162 143 88.27160493827161 8 2.741804075

2058 1678 81.5354713313897 448 35.9635865

