1132 893 78.886925795053 52 6.228688265

996 792 79.51807228915662 36 5.545891853

92 88 95.65217391304348 78 1.069418359

840 640 76.19047619047619 1 4.771266419

400 308 77.0 1 2.569699484

1000 922 92.2 633 9.083544063

1000 924 92.4 349 9.060927581

900 879 97.66666666666667 336 7.455815458

1000 923 92.30000000000001 486 8.917481259

900 877 97.44444444444444 811 7.43923515

900 874 97.11111111111111 262 7.378153628

900 894 99.33333333333333 53 6.871721602

900 895 99.44444444444444 783 6.935421369

900 894 99.33333333333333 538 7.249788507

1260 1021 81.03174603174604 765 7.910501494

1260 1021 81.03174603174604 385 8.121543735

1260 1040 82.53968253968253 305 7.856162219

1258 1023 81.31955484896662 784 7.883275358

1258 1039 82.59141494435612 298 8.17485877

1200 1007 83.91666666666666 301 8.316613274

1200 1015 84.58333333333333 334 8.249512255

1300 1079 83.0 257 9.091136855

1300 1072 82.46153846153847 706 9.087801896

1200 1000 83.33333333333334 501 8.70508744

1200 1004 83.66666666666667 500 8.807406535

800 755 94.375 381 5.930272461

800 758 94.75 670 6.157389611

800 754 94.25 794 5.920445648

800 758 94.75 143 6.027997846

900 851 94.55555555555556 315 6.661550747

900 841 93.44444444444444 912 6.561376315

800 758 94.75 302 6.235306696

800 764 95.5 915 5.935473838

800 758 94.75 391 5.939904847

800 753 94.125 493 6.017988959

900 845 93.88888888888889 678 6.806995699

900 852 94.66666666666667 501 6.63590298

900 850 94.44444444444444 699 6.791345648

600 572 95.33333333333334 110 5.057482823

900 849 94.33333333333334 205 6.538756843

700 665 95.0 228 5.355651481

600 571 95.16666666666667 579 4.884289999

600 571 95.16666666666667 267 4.886827886

700 666 95.14285714285714 179 5.286862373

700 662 94.57142857142857 800 5.480778797

384 344 89.58333333333334 908 3.000500763

162 143 88.27160493827161 4 1.257275934

2058 1653 80.32069970845481 108 15.007064658

