1132 894 78.97526501766784 43 5.994712434

996 795 79.81927710843374 72 5.950567754

92 88 95.65217391304348 46 1.183951969

840 640 76.19047619047619 1 4.771789162

400 309 77.25 1 2.781981001

1000 927 92.7 348 9.761021179

1000 917 91.7 204 9.057094698

900 883 98.11111111111111 98 7.11313781

1000 933 93.30000000000001 267 9.068497192

900 880 97.77777777777777 822 7.128723852

900 878 97.55555555555556 539 7.254015418

900 896 99.55555555555556 656 6.941637282

900 897 99.66666666666667 237 7.514341868

900 898 99.77777777777777 694 6.872959842

1260 1037 82.3015873015873 306 7.948887938

1260 1048 83.17460317460318 833 7.786098371

1260 1043 82.77777777777777 990 7.935582153

1258 1038 82.51192368839428 285 7.885500542

1258 1061 84.34022257551669 538 8.186777622

1200 1015 84.58333333333333 803 8.325316579

1200 1014 84.5 782 8.293149178

1300 1098 84.46153846153847 230 9.081136548

1300 1100 84.61538461538461 78 9.388247934

1200 1025 85.41666666666666 584 8.632037225

1200 1012 84.33333333333334 550 8.904027944

800 757 94.625 253 5.805887546

800 756 94.5 473 6.084500617

800 760 95.0 635 5.886227963

800 754 94.25 554 6.048262288

900 851 94.55555555555556 433 6.623729081

900 844 93.77777777777779 143 6.624956366

800 762 95.25 927 6.130863781

800 764 95.5 455 5.894423471

800 756 94.5 788 6.073855358

800 751 93.875 381 5.79430575

900 850 94.44444444444444 221 6.650127176

900 856 95.11111111111111 589 6.58056662

900 856 95.11111111111111 926 6.753270512

600 570 95.0 587 5.557362565

900 857 95.22222222222221 908 6.782874736

700 669 95.57142857142857 715 5.370722856

600 575 95.83333333333334 271 5.014882227

600 578 96.33333333333334 635 5.052988319

700 672 96.0 403 5.56374187

700 668 95.42857142857143 744 5.318589311

384 342 89.0625 265 2.989389206

162 143 88.27160493827161 13 1.294695341

2058 1657 80.51506316812439 368 15.636146882

