1132 887 78.35689045936395 118 6.189834843

996 788 79.11646586345381 395 5.478337645

92 84 91.30434782608695 118 1.015634128

840 640 76.19047619047619 1 4.736581019

400 309 77.25 1 2.581429055

1000 912 91.2 126 9.38085096

1000 916 91.60000000000001 260 9.056185333

900 870 96.66666666666667 689 7.150561276

1000 914 91.4 278 9.086794306

900 869 96.55555555555554 114 7.216230338

900 870 96.66666666666667 832 7.136338681

900 896 99.55555555555556 398 6.917142355

900 892 99.11111111111111 719 7.071035658

900 894 99.33333333333333 224 7.301459773

1260 1027 81.5079365079365 619 8.131449488

1260 998 79.2063492063492 257 8.159483236

1260 1019 80.87301587301587 843 8.414608095

1258 994 79.01430842607313 908 7.956594399

1258 1025 81.4785373608903 646 7.89146428

1200 982 81.83333333333334 938 8.990545092

1200 991 82.58333333333333 849 8.434288626

1300 1068 82.15384615384616 935 9.659664553

1300 1061 81.61538461538461 902 9.123305276

1200 979 81.58333333333333 289 8.970732645

1200 983 81.91666666666667 39 8.912233645

800 754 94.25 777 6.009079642

800 749 93.625 104 6.076981004

800 748 93.5 393 5.891186836

800 743 92.875 304 6.370136294

900 838 93.11111111111111 287 6.655091263

900 834 92.66666666666666 267 6.584552045

800 750 93.75 841 5.901810844

800 750 93.75 370 6.200940246

800 750 93.75 861 5.882453964

800 748 93.5 397 5.887301542

900 840 93.33333333333333 264 7.014614583

900 837 93.0 608 6.713613752

900 843 93.66666666666667 237 7.355364494

600 564 94.0 282 5.306081786

900 847 94.11111111111111 592 7.44244029

700 650 92.85714285714286 343 5.656258125

600 563 93.83333333333333 47 5.33420614

600 566 94.33333333333334 180 5.0017553

700 668 95.42857142857143 909 5.619689457

700 655 93.57142857142857 561 5.484219804

384 330 85.9375 936 3.003463213

162 145 89.50617283950618 19 1.299687618

2058 1609 78.1827016520894 914 15.565635954

