1132 894 78.97526501766784 29 16.271726819

996 796 79.91967871485943 50 14.204002458

92 88 95.65217391304348 13 2.543108144

840 640 76.19047619047619 1 12.371484546

400 307 76.75 1 5.998562025

1000 922 92.2 578 22.458233357

1000 921 92.10000000000001 216 22.611010637

900 881 97.88888888888889 605 17.660255774

1000 931 93.10000000000001 81 22.351886275

900 883 98.11111111111111 332 17.470246529

900 876 97.33333333333334 305 17.705871243

900 898 99.77777777777777 47 17.195955235

900 899 99.8888888888889 743 17.887703997

900 899 99.8888888888889 102 17.463768854

1260 1049 83.25396825396825 260 20.46016375

1260 1053 83.57142857142857 167 20.584668347

1260 1034 82.06349206349206 823 18.914016674

1258 1040 82.67090620031796 244 19.347921166

1258 1037 82.43243243243244 814 19.03343244

1200 1006 83.83333333333334 800 20.134382753

1200 1016 84.66666666666667 978 20.570926443

1300 1093 84.07692307692308 131 22.083942863

1300 1085 83.46153846153847 594 23.635046366

1200 1016 84.66666666666667 295 22.434206023

1200 1005 83.75 471 21.862524543

800 760 95.0 154 14.178387016

800 762 95.25 758 14.621284399

800 760 95.0 256 14.063607489

800 758 94.75 335 14.601828999

900 852 94.66666666666667 485 16.377597158

900 850 94.44444444444444 139 16.853842189

800 759 94.875 274 14.933523545

800 766 95.75 478 15.017727246

800 755 94.375 228 15.399282495

800 760 95.0 971 14.792102959

900 852 94.66666666666667 682 16.51882914

900 854 94.88888888888889 325 16.330524025

900 854 94.88888888888889 464 16.476991677

600 572 95.33333333333334 450 12.068435641

900 858 95.33333333333334 65 17.123105172

700 669 95.57142857142857 763 13.419468697

600 570 95.0 429 11.798207811

600 572 95.33333333333334 493 12.765722031

700 671 95.85714285714285 289 13.527956672

700 669 95.57142857142857 160 13.660344571

384 330 85.9375 816 6.532161377

162 145 89.50617283950618 8 2.711969778

2058 1677 81.4868804664723 935 36.716806104

