1132 891 78.71024734982332 125 10.655330053

996 796 79.91967871485943 29 9.726908859

92 84 91.30434782608695 37 1.590247902

840 640 76.19047619047619 1 8.741245802

400 309 77.25 1 4.644206957

1000 920 92.0 856 15.359109521

1000 916 91.60000000000001 770 15.586704344

900 873 97.0 134 12.805690347

1000 915 91.5 149 16.083240621

900 878 97.55555555555556 553 12.764811352

900 872 96.88888888888889 57 13.774566286

900 890 98.88888888888889 88 12.628823051

900 893 99.22222222222223 125 12.589819101

900 893 99.22222222222223 149 12.426561826

1260 1014 80.47619047619048 386 13.971759298

1260 1017 80.71428571428572 492 14.128846866

1260 1015 80.55555555555556 685 14.337022261

1258 1011 80.36565977742448 795 14.367111792

1258 1014 80.60413354531002 530 14.42023172

1200 988 82.33333333333334 292 14.373066202

1200 998 83.16666666666667 140 15.639415358

1300 1077 82.84615384615385 142 17.095203097

1300 1057 81.3076923076923 318 17.693789547

1200 993 82.75 870 14.85579213

1200 998 83.16666666666667 959 15.567549739

800 756 94.5 517 10.250941444

800 751 93.875 347 10.401304058

800 755 94.375 716 10.049266322

800 752 94.0 463 10.673768427

900 841 93.44444444444444 183 12.128566517

900 837 93.0 58 11.769324622

800 750 93.75 113 10.573689642

800 749 93.625 90 10.194704537

800 747 93.375 367 10.220779459

800 748 93.5 945 10.341803627

900 836 92.88888888888889 443 11.523181137

900 849 94.33333333333334 391 12.581136603

900 832 92.44444444444444 524 11.64530406

600 561 93.5 67 8.428165258

900 850 94.44444444444444 588 12.015528637

700 657 93.85714285714286 647 9.377619469

600 565 94.16666666666667 386 8.689965628

600 562 93.66666666666667 207 8.885670997

700 663 94.71428571428572 76 9.149811235

700 663 94.71428571428572 582 9.40233799

384 334 86.97916666666666 138 5.033438325

162 145 89.50617283950618 120 2.057033435

2058 1630 79.20310981535471 21 25.407935172

