1132 894 78.97526501766784 140 6.520590294

996 793 79.61847389558233 141 5.775695659

92 86 93.47826086956522 24 1.053122421

840 634 75.47619047619048 1 5.021919568

400 307 76.75 1 2.643470383

1000 949 94.89999999999999 559 9.050007548

1000 949 94.89999999999999 328 9.246866784

900 888 98.66666666666667 470 7.364395551

1000 934 93.4 528 9.421681763

900 887 98.55555555555556 900 7.176976805

900 890 98.88888888888889 530 7.096184052

900 898 99.77777777777777 85 6.845874563

900 896 99.55555555555556 145 6.917350967

900 898 99.77777777777777 532 6.913012356

1260 1072 85.07936507936508 924 8.322641978

1260 1071 85.0 651 7.690290011

1260 1062 84.28571428571429 656 8.037754206

1258 1074 85.37360890302067 458 8.180814072

1258 1077 85.6120826709062 953 8.039817464

1200 1026 85.5 395 8.297014219

1200 1033 86.08333333333333 109 8.525261493

1300 1106 85.07692307692307 456 9.229867697

1300 1109 85.3076923076923 386 9.280520416

1200 1045 87.08333333333333 422 8.741127424

1200 1023 85.25 929 8.509588638

800 763 95.375 483 5.738532582

800 762 95.25 218 5.90838538

800 760 95.0 249 6.034958793

800 759 94.875 262 5.881194993

900 852 94.66666666666667 719 6.810810988

900 851 94.55555555555556 626 6.564423779

800 765 95.625 680 5.84980302

800 764 95.5 267 5.903615353

800 761 95.125 555 6.324866942

800 765 95.625 864 5.792495382

900 858 95.33333333333334 477 6.896067018

900 857 95.22222222222221 369 6.680247758

900 854 94.88888888888889 199 6.630686525

600 579 96.5 497 5.307881554

900 862 95.77777777777777 216 6.729405725

700 676 96.57142857142857 303 5.355109861

600 578 96.33333333333334 965 4.722131738

600 580 96.66666666666667 685 4.863602834

700 678 96.85714285714285 691 5.361476106

700 676 96.57142857142857 839 5.337600891

384 338 88.02083333333334 281 3.506619092

162 145 89.50617283950618 189 1.219939801

2058 1717 83.43051506316812 835 15.674908891

