1132 894 78.97526501766784 228 6.035391469

996 796 79.91967871485943 145 5.659722586

92 86 93.47826086956522 682 1.016741484

840 640 76.19047619047619 1 4.733836786

400 309 77.25 1 2.571558376

1000 910 91.0 501 10.440695849

1000 923 92.30000000000001 910 9.578388988

900 880 97.77777777777777 136 7.175142955

1000 927 92.7 736 9.495317905

900 879 97.66666666666667 962 7.14544486

900 878 97.55555555555556 139 7.337714718

900 893 99.22222222222223 476 6.875789663

900 896 99.55555555555556 370 6.979683496

900 896 99.55555555555556 185 7.208316434

1260 1030 81.74603174603175 215 7.90501382

1260 1044 82.85714285714286 234 8.301256372

1260 1034 82.06349206349206 596 8.496498611

1258 1042 82.82988871224165 639 7.871029597

1258 1036 82.35294117647058 842 7.888954087

1200 1009 84.08333333333333 255 8.964125419

1200 1018 84.83333333333334 337 8.371818792

1300 1103 84.84615384615385 100 10.040617633

1300 1089 83.76923076923077 194 9.405121218

1200 1016 84.66666666666667 662 9.417260687

1200 1018 84.83333333333334 482 8.72253358

800 760 95.0 996 5.954117013

800 763 95.375 591 6.00542241

800 763 95.375 641 6.072772258

800 755 94.375 170 5.862162503

900 843 93.66666666666667 130 6.93762433

900 848 94.22222222222221 904 6.519750032

800 755 94.375 690 5.964627592

800 755 94.375 751 6.348029753

800 757 94.625 935 6.700575785

800 757 94.625 949 6.050068501

900 843 93.66666666666667 456 7.03400145

900 852 94.66666666666667 294 7.283362767

900 844 93.77777777777779 437 6.620409034

600 573 95.5 761 5.294261002

900 854 94.88888888888889 428 6.902408907

700 670 95.71428571428572 377 5.515811849

600 569 94.83333333333334 400 4.747717941

600 573 95.5 676 4.889670387

700 670 95.71428571428572 761 5.354709833

700 674 96.28571428571429 357 5.392254058

384 340 88.54166666666666 78 2.955770026

162 145 89.50617283950618 43 1.27664302

2058 1639 79.64042759961127 460 15.711895788

