1132 894 78.97526501766784 76 10.39523067

996 792 79.51807228915662 160 9.435576032

92 88 95.65217391304348 182 1.56121176

840 634 75.47619047619048 1 8.154991275

400 310 77.5 1 4.478485965

1000 921 92.10000000000001 785 15.832174326

1000 920 92.0 479 15.380439785

900 879 97.66666666666667 649 12.522645065

1000 924 92.4 274 16.390297209

900 875 97.22222222222221 104 12.875644296

900 874 97.11111111111111 669 12.580587428

900 897 99.66666666666667 534 11.790392069

900 898 99.77777777777777 330 11.819104673

900 896 99.55555555555556 98 12.288540224

1260 1033 81.98412698412699 719 13.665869796

1260 1030 81.74603174603175 165 13.808731551

1260 1025 81.34920634920636 255 13.519650678

1258 1036 82.35294117647058 593 13.404401864

1258 1035 82.27344992050874 925 14.315095373

1200 1002 83.5 191 14.964892814

1200 1012 84.33333333333334 902 14.644113607

1300 1091 83.92307692307692 325 16.508266902

1300 1084 83.38461538461537 248 16.588181848

1200 1009 84.08333333333333 180 15.06948281

1200 1006 83.83333333333334 450 15.309241052

800 755 94.375 440 10.101212035

800 758 94.75 136 10.503015647

800 759 94.875 572 10.324915632

800 754 94.25 969 10.763172839

900 850 94.44444444444444 87 11.710297933

900 845 93.88888888888889 209 11.145060923

800 754 94.25 604 10.112601616

800 758 94.75 719 10.244255285

800 751 93.875 218 10.550266327

800 759 94.875 93 9.973679308

900 847 94.11111111111111 753 11.668595602

900 842 93.55555555555556 432 11.426415436

900 849 94.33333333333334 240 11.229370357

600 574 95.66666666666667 223 8.695492773

900 852 94.66666666666667 557 11.69216045

700 664 94.85714285714286 433 10.015124096

600 574 95.66666666666667 445 8.581469888

600 569 94.83333333333334 235 9.792890094

700 670 95.71428571428572 76 9.07673687

700 669 95.57142857142857 90 9.057418445

384 336 87.5 421 4.872286263

162 145 89.50617283950618 107 2.046424603

2058 1640 79.68901846452867 741 26.244674803

