1132 871 76.9434628975265 136 10.629589834

996 764 76.70682730923694 808 9.796526804

92 75 81.52173913043478 683 1.76524895

840 636 75.71428571428571 1 8.416555834

400 296 74.0 2 4.641711917

1000 885 88.5 9 16.609782939

1000 883 88.3 486 16.643376482

900 845 93.88888888888889 788 12.874345264

1000 881 88.1 638 16.248237124

900 856 95.11111111111111 238 12.882398908

900 842 93.55555555555556 626 13.222461559

900 877 97.44444444444444 55 12.12140232

900 878 97.55555555555556 16 12.348614875

900 876 97.33333333333334 792 12.449871834

1260 956 75.87301587301587 665 14.419478061

1260 967 76.74603174603175 91 13.66621641

1260 950 75.39682539682539 440 14.005888217

1258 966 76.7885532591415 705 13.787374841

1258 946 75.19872813990462 409 13.921574127

1200 937 78.08333333333334 75 14.963614121

1200 946 78.83333333333333 77 14.474908485

1300 1004 77.23076923076924 673 18.139383208

1300 1027 79.0 750 15.923362288

1200 926 77.16666666666666 155 15.35121197

1200 942 78.5 299 15.777532644

800 716 89.5 411 10.503495356

800 708 88.5 301 10.372298632

800 713 89.125 708 10.754514348

800 725 90.625 237 10.926191839

900 813 90.33333333333333 105 12.732660833

900 804 89.33333333333333 302 11.445170077

800 716 89.5 234 10.72095102

800 722 90.25 30 11.015829253

800 720 90.0 442 10.926521175

800 721 90.125 119 10.368936636

900 803 89.22222222222223 495 11.75989469

900 804 89.33333333333333 792 12.462607469

900 809 89.88888888888889 165 11.877346065

600 545 90.83333333333333 652 8.992903787

900 814 90.44444444444444 944 11.537086415

700 635 90.71428571428571 789 9.780432312

600 539 89.83333333333333 153 8.880744597

600 536 89.33333333333333 378 8.978527249

700 615 87.85714285714286 896 9.802123967

700 641 91.57142857142857 112 9.432873754

384 293 76.30208333333334 735 5.423231839

162 135 83.33333333333334 68 2.324103983

2058 1565 76.044703595724 181 25.624981298

