1132 894 78.97526501766784 194 10.627871832

996 796 79.91967871485943 67 10.188275741

92 88 95.65217391304348 131 1.515910636

840 640 76.19047619047619 1 8.4980821

400 310 77.5 1 4.817470895

1000 919 91.9 174 15.637853075

1000 931 93.10000000000001 383 16.055094975

900 876 97.33333333333334 135 12.348639682

1000 916 91.60000000000001 258 15.434518458

900 878 97.55555555555556 850 12.396349185

900 879 97.66666666666667 107 13.195896424

900 895 99.44444444444444 218 11.776226633

900 899 99.8888888888889 545 12.102031506

900 898 99.77777777777777 588 11.996179351

1260 1029 81.66666666666667 215 13.656582622

1260 1025 81.34920634920636 307 13.517279076

1260 1032 81.9047619047619 70 13.185651095

1258 1027 81.637519872814 265 13.400557122

1258 1025 81.4785373608903 582 14.277064371

1200 1000 83.33333333333334 837 14.432361846

1200 1007 83.91666666666666 531 14.112424147

1300 1092 84.0 79 15.979166493

1300 1074 82.61538461538461 783 16.033820884

1200 999 83.25 108 14.954181288

1200 1013 84.41666666666666 463 15.539162084

800 758 94.75 24 9.955924511

800 756 94.5 448 10.436522918

800 759 94.875 678 10.431534684

800 762 95.25 582 10.198025367

900 853 94.77777777777779 919 11.577152626

900 849 94.33333333333334 151 11.469183018

800 758 94.75 481 10.712692134

800 760 95.0 375 10.527117031

800 756 94.5 116 10.295301321

800 764 95.5 752 10.075963197

900 844 93.77777777777779 515 11.260946126

900 850 94.44444444444444 686 11.822520111

900 852 94.66666666666667 202 11.514043504

600 578 96.33333333333334 104 8.569937207

900 853 94.77777777777779 140 11.588479103

700 666 95.14285714285714 304 9.356498319

600 569 94.83333333333334 117 7.963381462

600 571 95.16666666666667 304 8.635626699

700 664 94.85714285714286 846 9.289285847

700 669 95.57142857142857 330 9.136531149

384 338 88.02083333333334 75 4.697698965

162 145 89.50617283950618 19 2.025951775

2058 1647 80.02915451895043 548 26.657260562

