1132 891 78.71024734982332 467 14.617575403

996 796 79.91967871485943 28 13.388954867

92 88 95.65217391304348 36 2.203683249

840 640 76.19047619047619 1 11.97380272

400 308 77.0 1 6.558846415

1000 926 92.60000000000001 746 22.214384149

1000 927 92.7 174 22.343803681

900 878 97.55555555555556 584 17.41076931

1000 927 92.7 168 22.253690314

900 880 97.77777777777777 841 17.08059905

900 881 97.88888888888889 134 17.480295535

900 897 99.66666666666667 453 16.683684832

900 897 99.66666666666667 31 16.985659134

900 898 99.77777777777777 588 17.022953227

1260 1040 82.53968253968253 889 19.026047546

1260 1035 82.14285714285714 330 18.646958512

1260 1036 82.22222222222221 79 19.101531582

1258 1031 81.95548489666137 477 19.165461114

1258 1038 82.51192368839428 877 19.014124817

1200 1011 84.25 637 20.284736008

1200 1009 84.08333333333333 98 20.349667928

1300 1085 83.46153846153847 108 22.136427702

1300 1088 83.6923076923077 699 22.290535043

1200 1019 84.91666666666666 453 20.841305447

1200 1002 83.5 522 20.998169641

800 761 95.125 56 14.071504713

800 756 94.5 207 14.203454069

800 757 94.625 649 14.438392862

800 758 94.75 161 14.199026552

900 850 94.44444444444444 69 16.262862687

900 842 93.55555555555556 757 16.604694022

800 752 94.0 248 14.632597174

800 764 95.5 669 14.489092113

800 753 94.125 269 15.02377202

800 753 94.125 388 14.29285957

900 855 95.0 133 16.078479288

900 847 94.11111111111111 376 16.108766535

900 855 95.0 128 15.717897976

600 572 95.33333333333334 502 12.222880001

900 856 95.11111111111111 904 15.917406069

700 668 95.42857142857143 293 12.956303057

600 574 95.66666666666667 822 11.664527734

600 574 95.66666666666667 286 11.878033585

700 670 95.71428571428572 305 12.851322022

700 669 95.57142857142857 909 12.643721158

384 338 88.02083333333334 542 7.162905461

162 145 89.50617283950618 166 3.277381466

2058 1640 79.68901846452867 161 35.331988416

