1132 892 78.79858657243817 16 10.994054022

996 796 79.91967871485943 186 10.191752943

92 88 95.65217391304348 21 1.759673306

840 640 76.19047619047619 1 8.109145617

400 310 77.5 1 4.198526109

1000 914 91.4 288 16.207582303

1000 920 92.0 431 16.26316669

900 872 96.88888888888889 603 12.944742348

1000 919 91.9 102 16.406263017

900 876 97.33333333333334 98 12.320444868

900 875 97.22222222222221 834 12.710239669

900 895 99.44444444444444 394 12.034368617

900 899 99.8888888888889 174 11.966179914

900 894 99.33333333333333 410 11.824212277

1260 1043 82.77777777777777 65 13.427296341

1260 1034 82.06349206349206 361 13.872116334

1260 1028 81.58730158730158 395 13.602637824

1258 1022 81.24006359300478 324 14.045162976

1258 1021 81.16057233704292 715 13.409418486

1200 989 82.41666666666667 646 14.299548952

1200 1007 83.91666666666666 194 14.889560856

1300 1071 82.38461538461539 172 16.082832785

1300 1073 82.53846153846153 359 15.654706469

1200 1002 83.5 730 14.934578407

1200 998 83.16666666666667 622 14.786606885

800 750 93.75 62 10.557468248

800 757 94.625 286 10.766365834

800 760 95.0 426 10.43992271

800 753 94.125 437 10.603719269

900 850 94.44444444444444 433 11.313206794

900 851 94.55555555555556 846 11.285343994

800 756 94.5 148 10.153215721

800 753 94.125 712 10.81078414

800 746 93.25 251 10.569729414

800 756 94.5 683 10.301548804

900 842 93.55555555555556 743 11.305762524

900 845 93.88888888888889 555 11.377167949

900 847 94.11111111111111 682 11.289038335

600 571 95.16666666666667 37 8.827177958

900 850 94.44444444444444 981 11.662284968

700 660 94.28571428571428 268 9.225840238

600 572 95.33333333333334 447 7.996813267

600 572 95.33333333333334 696 8.654903546

700 675 96.42857142857143 75 9.403723485

700 662 94.57142857142857 322 9.201070523

384 332 86.45833333333334 872 4.843072729

162 143 88.27160493827161 25 1.961685439

2058 1644 79.88338192419825 17 25.644143984

