1132 885 78.18021201413427 941 6.251525884

996 785 78.81526104417671 98 5.614605092

92 87 94.56521739130434 36 1.078008693

840 640 76.19047619047619 1 4.947022393

400 308 77.0 1 2.594240392

1000 909 90.9 103 9.339679784

1000 913 91.3 663 9.097872924

900 872 96.88888888888889 803 7.628225106

1000 911 91.10000000000001 956 9.338235376

900 867 96.33333333333334 561 7.154233296

900 865 96.11111111111111 671 7.276883945

900 887 98.55555555555556 106 7.148169798

900 891 99.0 955 6.936003468

900 889 98.77777777777777 470 7.627802677

1260 1000 79.36507936507937 405 7.972671969

1260 1017 80.71428571428572 438 7.782107323

1260 1033 81.98412698412699 109 8.07224496

1258 1016 80.7631160572337 681 7.945595056

1258 1019 81.00158982511924 1000 7.90381213

1200 989 82.41666666666667 333 8.588222255

1200 1006 83.83333333333334 802 8.33856135

1300 1075 82.6923076923077 488 9.863732088

1300 1054 81.07692307692308 169 9.187490652

1200 996 83.0 54 8.883715742

1200 1002 83.5 844 8.778124872

800 746 93.25 198 6.177364014

800 746 93.25 801 5.966557623

800 745 93.125 871 5.875512845

800 752 94.0 290 5.932755945

900 837 93.0 336 6.591749827

900 838 93.11111111111111 819 6.542270472

800 736 92.0 568 6.125832195

800 752 94.0 186 6.082857489

800 734 91.75 628 6.012479745

800 752 94.0 288 6.45314751

900 841 93.44444444444444 176 6.960070621

900 831 92.33333333333333 398 6.700304849

900 844 93.77777777777779 555 6.623824813

600 562 93.66666666666667 911 5.16275293

900 841 93.44444444444444 829 6.915864017

700 652 93.14285714285714 376 5.451327765

600 571 95.16666666666667 472 4.997767347

600 565 94.16666666666667 978 5.151488738

700 660 94.28571428571428 150 5.470679192

700 658 94.0 717 5.338530703

384 314 81.77083333333334 938 3.090633741

162 145 89.50617283950618 153 1.310110768

2058 1617 78.57142857142857 468 15.722351712

