1132 894 78.97526501766784 53 15.041711691

996 796 79.91967871485943 105 13.965308446

92 88 95.65217391304348 16 2.103798186

840 634 75.47619047619048 1 11.456139054

400 308 77.0 1 6.041994831

1000 926 92.60000000000001 849 22.028997227

1000 939 93.89999999999999 53 21.97433463

900 883 98.11111111111111 82 18.139129353

1000 933 93.30000000000001 578 22.036819017

900 885 98.33333333333333 355 17.510084076

900 874 97.11111111111111 378 17.444652148

900 899 99.8888888888889 727 16.95713269

900 897 99.66666666666667 50 16.867979259

900 898 99.77777777777777 95 16.761741997

1260 1061 84.2063492063492 401 19.485500481

1260 1061 84.2063492063492 884 18.908951039

1260 1054 83.65079365079366 667 19.162553218

1258 1041 82.75039745627981 494 19.985179358

1258 1050 83.46581875993641 910 19.960249601

1200 1015 84.58333333333333 264 21.437506758

1200 1015 84.58333333333333 298 21.488626751

1300 1104 84.92307692307692 825 22.766831876

1300 1086 83.53846153846153 42 22.752437163

1200 1025 85.41666666666666 686 23.217129387

1200 1005 83.75 128 20.878227624

800 762 95.25 537 14.098610335

800 755 94.375 539 14.306661077

800 759 94.875 784 14.105978825

800 760 95.0 276 15.878154658

900 851 94.55555555555556 474 16.583171794

900 853 94.77777777777779 926 16.54442077

800 761 95.125 183 14.351476368

800 765 95.625 519 14.340742833

800 759 94.875 311 15.107642589

800 762 95.25 588 14.534385702

900 852 94.66666666666667 426 16.065335552

900 851 94.55555555555556 332 16.113263745

900 855 95.0 863 16.169561744

600 579 96.5 533 12.117814334

900 855 95.0 374 16.379888487

700 674 96.28571428571429 406 13.1772907

600 575 95.83333333333334 988 11.296124022

600 578 96.33333333333334 834 12.166410047

700 672 96.0 104 13.455708847

700 673 96.14285714285714 776 12.816481832

384 344 89.58333333333334 424 6.596247926

162 145 89.50617283950618 102 2.724226818

2058 1659 80.61224489795919 885 37.067545237

