1132 892 78.79858657243817 158 6.209114042

996 793 79.61847389558233 135 5.430611454

92 84 91.30434782608695 41 1.294776062

840 634 75.47619047619048 1 4.919970014

400 309 77.25 2 2.992581381

1000 922 92.2 116 9.359791734

1000 913 91.3 135 9.30122591

900 872 96.88888888888889 855 7.786009591

1000 911 91.10000000000001 332 9.580915635

900 880 97.77777777777777 462 7.606264994

900 866 96.22222222222221 329 7.207647583

900 893 99.22222222222223 159 7.093011585

900 893 99.22222222222223 146 7.687874783

900 896 99.55555555555556 150 6.974566069

1260 1045 82.93650793650794 443 7.821094981

1260 1024 81.26984126984127 359 7.826884282

1260 1042 82.6984126984127 415 7.935493587

1258 1024 81.39904610492846 145 8.175033011

1258 1023 81.31955484896662 542 8.11665394

1200 998 83.16666666666667 859 8.350513607

1200 997 83.08333333333333 606 8.599508877

1300 1093 84.07692307692308 306 9.514008902

1300 1079 83.0 485 9.531846865

1200 1011 84.25 306 9.039740242

1200 1012 84.33333333333334 299 8.864129114

800 758 94.75 751 6.041931879

800 756 94.5 781 6.027107386

800 754 94.25 271 6.37427657

800 757 94.625 585 6.096778299

900 842 93.55555555555556 520 6.563969339

900 845 93.88888888888889 934 6.742504599

800 758 94.75 414 6.076399696

800 753 94.125 918 6.019598905

800 751 93.875 126 6.027884149

800 752 94.0 808 5.863567165

900 849 94.33333333333334 709 6.663733242

900 837 93.0 287 7.163220044

900 847 94.11111111111111 317 6.919957395

600 567 94.5 562 5.04602598

900 851 94.55555555555556 521 6.727481247

700 669 95.57142857142857 310 5.826870262

600 566 94.33333333333334 451 4.972924633

600 570 95.0 404 4.909332385

700 666 95.14285714285714 977 5.375510769

700 653 93.28571428571428 764 5.44110474

384 338 88.02083333333334 533 2.943891041

162 143 88.27160493827161 18 1.413028982

2058 1621 78.76579203109816 181 15.951058333

