1132 892 78.79858657243817 38 14.999234315

996 796 79.91967871485943 53 13.985057261

92 86 93.47826086956522 460 2.055736451

840 634 75.47619047619048 1 11.528007153

400 304 76.0 1 6.028496293

1000 930 93.0 280 22.284847813

1000 936 93.60000000000001 562 22.277890615

900 886 98.44444444444444 656 17.528198394

1000 927 92.7 226 22.676526782

900 889 98.77777777777777 831 18.756288376

900 895 99.44444444444444 828 19.067165712

900 898 99.77777777777777 157 16.807583353

900 899 99.8888888888889 113 16.850263219

900 898 99.77777777777777 398 17.277147598

1260 1070 84.92063492063492 302 20.26414865

1260 1062 84.28571428571429 716 18.691288967

1260 1072 85.07936507936508 932 19.75861809

1258 1065 84.65818759936407 861 19.956399551

1258 1068 84.8966613672496 867 20.032845748

1200 1023 85.25 662 21.216312131

1200 1029 85.75 423 20.388900201

1300 1113 85.61538461538461 999 22.73135475

1300 1102 84.76923076923077 584 24.107373759

1200 1040 86.66666666666667 995 21.863047253

1200 1033 86.08333333333333 317 21.579282109

800 759 94.875 335 15.189227751

800 762 95.25 550 15.200421775

800 764 95.5 94 14.771411225

800 759 94.875 198 14.475795894

900 855 95.0 381 16.405439268

900 853 94.77777777777779 143 16.328677149

800 762 95.25 249 14.389527759

800 768 96.0 540 15.015917394

800 760 95.0 442 15.570004236

800 760 95.0 875 14.671480909

900 856 95.11111111111111 713 16.869541791

900 856 95.11111111111111 398 16.882506709

900 859 95.44444444444444 307 16.87478573

600 581 96.83333333333334 94 13.090408456

900 863 95.88888888888889 981 15.893633662

700 676 96.57142857142857 422 14.228377296

600 581 96.83333333333334 877 11.390263421

600 578 96.33333333333334 443 12.045252167

700 678 96.85714285714285 120 13.883469162

700 676 96.57142857142857 518 13.711204449

384 342 89.0625 224 7.214184388

162 145 89.50617283950618 26 2.749706139

2058 1693 82.26433430515063 264 34.701614869

