1132 894 78.97526501766784 173 15.039316823

996 796 79.91967871485943 242 13.294655982

92 88 95.65217391304348 107 2.5364015

840 640 76.19047619047619 1 11.526844442

400 304 76.0 1 5.928349033

1000 916 91.60000000000001 196 21.524503406

1000 925 92.5 105 22.115752313

900 876 97.33333333333334 202 17.541992735

1000 920 92.0 955 21.970096023

900 878 97.55555555555556 199 17.482535883

900 878 97.55555555555556 112 17.166603296

900 898 99.77777777777777 114 16.663320239

900 898 99.77777777777777 126 17.156101988

900 900 100.0 712 16.959844362

1260 1026 81.42857142857143 43 19.069641191

1260 1035 82.14285714285714 365 18.399581089

1260 1030 81.74603174603175 629 19.282163945

1258 1037 82.43243243243244 584 19.261571092

1258 1025 81.4785373608903 259 19.18101965

1200 1004 83.66666666666667 418 20.712318827

1200 1010 84.16666666666667 281 20.213746851

1300 1074 82.61538461538461 599 22.099326861

1300 1078 82.92307692307692 56 22.087825341

1200 1018 84.83333333333334 266 20.970888548

1200 1005 83.75 884 21.143859456

800 757 94.625 610 14.206311611

800 756 94.5 790 14.546433494

800 755 94.375 242 13.904549594

800 754 94.25 382 14.433714497

900 843 93.66666666666667 663 15.986818776

900 847 94.11111111111111 834 16.009550613

800 758 94.75 319 14.536598566

800 762 95.25 442 14.438973235

800 752 94.0 755 14.282074625

800 762 95.25 921 14.194590268

900 851 94.55555555555556 981 16.008304811

900 851 94.55555555555556 915 17.018281882

900 848 94.22222222222221 249 15.829275762

600 574 95.66666666666667 75 11.866970075

900 856 95.11111111111111 374 16.236215695

700 671 95.85714285714285 611 13.093166933

600 574 95.66666666666667 670 11.69922593

600 576 96.0 675 11.818053548

700 671 95.85714285714285 427 13.08392457

700 673 96.14285714285714 737 13.162289418

384 336 87.5 65 7.445191093

162 145 89.50617283950618 39 3.100135263

2058 1652 80.27210884353741 222 36.029658244

