1132 877 77.47349823321554 246 14.713047456

996 781 78.4136546184739 213 13.967558319

92 83 90.21739130434783 555 2.236536349

840 638 75.95238095238095 1 11.62907886

400 309 77.25 1 6.119914255

1000 896 89.60000000000001 400 22.896583141

1000 902 90.2 236 22.362237316

900 862 95.77777777777777 307 17.592825139

1000 907 90.7 104 22.149975524

900 858 95.33333333333334 11 17.491927372

900 867 96.33333333333334 351 17.709143433

900 890 98.88888888888889 54 16.829062852

900 892 99.11111111111111 295 17.176945884

900 880 97.77777777777777 137 17.069098631

1260 973 77.22222222222223 804 18.733511802

1260 987 78.33333333333333 579 19.024631366

1260 1022 81.11111111111111 307 18.709433068

1258 995 79.09379968203497 19 18.930134964

1258 991 78.7758346581876 305 18.835736371

1200 964 80.33333333333333 125 20.543929075

1200 972 81.0 41 20.414540376

1300 1045 80.38461538461539 897 22.246334708

1300 1032 79.38461538461539 324 22.751775923

1200 978 81.5 108 21.370007207

1200 979 81.58333333333333 193 21.31979753

800 738 92.25 170 14.246187922

800 736 92.0 36 14.486449193

800 736 92.0 302 14.140201837

800 733 91.625 614 14.743607797

900 828 92.0 354 16.029837598

900 834 92.66666666666666 160 16.311028146

800 733 91.625 485 14.625914101

800 749 93.625 854 14.522986173

800 734 91.75 477 14.711787066

800 729 91.125 175 14.618246464

900 830 92.22222222222223 366 16.26977764

900 835 92.77777777777779 496 16.668485782

900 833 92.55555555555556 839 16.075226728

600 558 93.0 474 12.232558691

900 828 92.0 872 16.247831271

700 649 92.71428571428572 636 13.422587364

600 557 92.83333333333333 325 11.661374005

600 564 94.0 531 12.128941765

700 656 93.71428571428572 425 13.067897067

700 644 92.0 491 12.928348065

384 316 82.29166666666666 30 6.710791433

162 135 83.33333333333334 8 2.699601325

2058 1599 77.69679300291546 698 36.924183216

