1132 893 78.886925795053 153 6.436079998

996 794 79.71887550200803 172 5.634813392

92 88 95.65217391304348 427 1.157315335

840 638 75.95238095238095 1 4.827084256

400 307 76.75 2 2.720943532

1000 918 91.8 581 9.35268569

1000 936 93.60000000000001 185 9.30214944

900 877 97.44444444444444 351 7.711926942

1000 930 93.0 165 9.243856757

900 886 98.44444444444444 840 7.244074182

900 882 98.0 620 7.367898532

900 898 99.77777777777777 591 7.106640745

900 895 99.44444444444444 786 7.177574442

900 897 99.66666666666667 397 7.077671877

1260 1069 84.84126984126983 874 7.696309506

1260 1065 84.52380952380952 144 7.933386493

1260 1053 83.57142857142857 978 8.106023063

1258 1066 84.73767885532591 883 8.061925009

1258 1042 82.82988871224165 402 8.121154672

1200 1011 84.25 176 8.436525567

1200 1007 83.91666666666666 360 8.318119525

1300 1091 83.92307692307692 193 10.210966261

1300 1090 83.84615384615385 552 9.534654797

1200 1026 85.5 421 8.963881182

1200 1024 85.33333333333334 352 8.79004139

800 753 94.125 491 6.037289731

800 761 95.125 675 5.937876996

800 756 94.5 75 5.930673804

800 753 94.125 848 6.081723988

900 855 95.0 316 6.570571058

900 843 93.66666666666667 144 6.689960934

800 761 95.125 459 5.959685646

800 766 95.75 533 6.225282882

800 749 93.625 344 6.093229635

800 761 95.125 579 6.472771615

900 855 95.0 658 6.554866299

900 852 94.66666666666667 903 6.664292283

900 857 95.22222222222221 540 7.117966599

600 580 96.66666666666667 733 5.031305927

900 860 95.55555555555556 486 7.088185734

700 676 96.57142857142857 792 5.358427007

600 567 94.5 325 4.842527457

600 573 95.5 783 4.980909879

700 669 95.57142857142857 251 5.42941269

700 668 95.42857142857143 454 5.338089804

384 326 84.89583333333334 102 2.989700664

162 145 89.50617283950618 300 1.301016833

2058 1655 80.41788143828961 186 15.592555047

