1132 892 78.79858657243817 348 14.628342311

996 792 79.51807228915662 318 13.363117874

92 84 91.30434782608695 366 2.060307574

840 638 75.95238095238095 1 11.731736757

400 307 76.75 2 6.015817452

1000 931 93.10000000000001 858 21.293413629

1000 919 91.9 278 21.873121116

900 877 97.44444444444444 730 17.925195178

1000 918 91.8 749 22.508664982

900 868 96.44444444444444 505 17.832303154

900 870 96.66666666666667 949 17.541080452

900 894 99.33333333333333 344 17.133468179

900 892 99.11111111111111 135 16.836296093

900 892 99.11111111111111 78 16.788991613

1260 1030 81.74603174603175 402 19.382318475

1260 1021 81.03174603174604 257 19.248355086

1260 1019 80.87301587301587 693 18.915018341

1258 1000 79.4912559618442 219 19.296437847

1258 1008 80.12718600953896 528 19.334937037

1200 1002 83.5 708 20.313593785

1200 994 82.83333333333334 303 21.004129753

1300 1053 81.0 987 22.650998551

1300 1063 81.76923076923077 860 22.363398777

1200 1010 84.16666666666667 567 21.389797341

1200 995 82.91666666666667 576 21.104931261

800 761 95.125 604 14.212680962

800 751 93.875 156 14.47624994

800 757 94.625 448 14.227797029

800 755 94.375 704 14.389875927

900 842 93.55555555555556 592 16.016723493

900 849 94.33333333333334 775 16.425560302

800 752 94.0 142 14.424396729

800 748 93.5 191 14.357052627

800 749 93.625 248 14.505947863

800 749 93.625 270 14.202144588

900 844 93.77777777777779 41 16.735925168

900 842 93.55555555555556 749 16.241649057

900 839 93.22222222222221 212 16.730840297

600 571 95.16666666666667 698 12.003315661

900 850 94.44444444444444 858 16.921059207

700 668 95.42857142857143 235 12.985420439

600 561 93.5 169 11.323397545

600 574 95.66666666666667 218 11.970649296

700 668 95.42857142857143 954 13.00398219

700 656 93.71428571428572 294 13.047186087

384 340 88.54166666666666 406 6.722564118

162 143 88.27160493827161 24 3.134447055

2058 1627 79.05733722060253 736 36.449676997

