1132 881 77.8268551236749 809 6.34371772

996 780 78.3132530120482 185 5.314783094

92 84 91.30434782608695 439 1.042766237

840 638 75.95238095238095 1 4.687868857

400 309 77.25 1 2.567532343

1000 910 91.0 386 9.477578602

1000 912 91.2 48 9.476673574

900 863 95.88888888888889 805 7.228716265

1000 907 90.7 27 9.597412931

900 869 96.55555555555554 321 7.255680716

900 867 96.33333333333334 726 7.421955669

900 888 98.66666666666667 317 7.049184941

900 893 99.22222222222223 385 6.930237219

900 894 99.33333333333333 324 7.066223578

1260 996 79.04761904761905 242 7.9788593

1260 1001 79.44444444444444 71 7.863096254

1260 999 79.28571428571428 540 7.918313128

1258 1009 80.20667726550079 460 7.942660547

1258 988 78.53736089030207 269 7.698176894

1200 999 83.25 66 8.225523774

1200 998 83.16666666666667 614 8.243392546

1300 1068 82.15384615384616 72 9.448737302

1300 1059 81.46153846153847 806 9.174266429

1200 987 82.25 509 8.977046938

1200 983 81.91666666666667 745 8.695749547

800 748 93.5 127 5.932941995

800 745 93.125 564 5.956650642

800 746 93.25 596 5.954387496

800 748 93.5 429 6.121592393

900 840 93.33333333333333 161 6.83779728

900 835 92.77777777777779 243 6.994419506

800 737 92.125 480 6.828256901

800 739 92.375 194 6.145914721

800 733 91.625 608 6.866538303

800 744 93.0 414 6.221930131

900 833 92.55555555555556 654 7.117690838

900 833 92.55555555555556 444 7.205334237

900 840 93.33333333333333 266 6.608764815

600 559 93.16666666666666 94 5.095207596

900 846 94.0 114 6.969769785

700 649 92.71428571428572 122 5.879159379

600 563 93.83333333333333 337 4.81760599

600 571 95.16666666666667 331 5.048326912

700 656 93.71428571428572 157 5.500244545

700 649 92.71428571428572 857 5.405318584

384 324 84.375 183 3.05695975

162 145 89.50617283950618 21 1.29632159

2058 1613 78.377065111759 295 15.046707131

