1132 892 78.79858657243817 70 10.428853085

996 791 79.41767068273093 70 9.182281813

92 87 94.56521739130434 21 1.52367038

840 640 76.19047619047619 1 7.943903344

400 308 77.0 1 4.389138154

1000 917 91.7 543 15.34683169

1000 919 91.9 211 15.80726777

900 878 97.55555555555556 95 12.383452653

1000 916 91.60000000000001 39 15.535278102

900 871 96.77777777777777 354 12.532018044

900 875 97.22222222222221 592 12.44867455

900 896 99.55555555555556 508 12.323205084

900 894 99.33333333333333 216 11.871972409

900 894 99.33333333333333 13 12.126675468

1260 1019 80.87301587301587 155 14.091102513

1260 1018 80.7936507936508 199 13.503365267

1260 1006 79.84126984126985 267 13.428742414

1258 1011 80.36565977742448 880 13.750970625

1258 1013 80.52464228934817 284 13.550768337

1200 994 82.83333333333334 419 14.514119174

1200 998 83.16666666666667 523 14.353728167

1300 1064 81.84615384615384 63 16.071482018

1300 1063 81.76923076923077 539 16.476413751

1200 1001 83.41666666666666 225 15.027503689

1200 980 81.66666666666667 128 14.865620795

800 752 94.0 206 9.828774806

800 755 94.375 569 11.12446908

800 756 94.5 881 10.824944683

800 750 93.75 509 10.431221667

900 841 93.44444444444444 620 11.538509708

900 839 93.22222222222221 535 11.377735932

800 754 94.25 13 10.356666654

800 749 93.625 87 10.555141359

800 752 94.0 352 10.845324026

800 747 93.375 243 10.670254749

900 833 92.55555555555556 249 11.336657678

900 844 93.77777777777779 316 11.338703553

900 842 93.55555555555556 711 11.290323883

600 572 95.33333333333334 168 9.113420843

900 849 94.33333333333334 677 11.449097159

700 664 94.85714285714286 752 9.947187169

600 566 94.33333333333334 164 8.132787383

600 565 94.16666666666667 914 8.606851451

700 652 93.14285714285714 434 9.788964931

700 659 94.14285714285714 269 9.058014358

384 332 86.45833333333334 692 4.657273698

162 145 89.50617283950618 240 2.034350168

2058 1631 79.25170068027211 485 25.62780082

