1132 890 78.62190812720848 108 15.089948062

996 795 79.81927710843374 65 13.364460076

92 84 91.30434782608695 112 2.175567037

840 638 75.95238095238095 1 11.392361035

400 310 77.5 1 6.071805144

1000 913 91.3 399 22.53012175

1000 913 91.3 770 22.504579169

900 870 96.66666666666667 172 18.159027054

1000 912 91.2 513 21.911213791

900 869 96.55555555555554 36 17.487932649

900 873 97.0 464 17.704542136

900 894 99.33333333333333 758 17.052941259

900 892 99.11111111111111 423 17.040292931

900 898 99.77777777777777 419 16.771096094

1260 1019 80.87301587301587 689 19.545860485

1260 1028 81.58730158730158 195 19.125322331

1260 1021 81.03174603174604 163 19.081505566

1258 1007 80.0476947535771 982 19.08014401

1258 1013 80.52464228934817 876 19.009230718

1200 997 83.08333333333333 537 20.617545706

1200 996 83.0 661 20.704452

1300 1072 82.46153846153847 140 23.536268626

1300 1068 82.15384615384616 291 23.861335951

1200 999 83.25 716 21.43070531

1200 998 83.16666666666667 299 21.064909615

800 756 94.5 629 14.095142251

800 752 94.0 208 14.393762922

800 756 94.5 585 14.280215366

800 748 93.5 580 15.234366688

900 845 93.88888888888889 474 16.030306266

900 837 93.0 170 16.513527817

800 758 94.75 155 14.368407316

800 751 93.875 828 14.552816624

800 753 94.125 52 14.655170072

800 754 94.25 755 14.58313445

900 853 94.77777777777779 90 16.413191695

900 842 93.55555555555556 212 16.389714094

900 842 93.55555555555556 490 16.465783834

600 575 95.83333333333334 51 12.415555606

900 846 94.0 389 16.365171716

700 657 93.85714285714286 297 13.246843441

600 565 94.16666666666667 184 11.354838811

600 566 94.33333333333334 230 12.534623641

700 662 94.57142857142857 192 13.010088049

700 666 95.14285714285714 483 12.909504069

384 334 86.97916666666666 68 7.06981856

162 145 89.50617283950618 26 2.806896255

2058 1637 79.54324586977648 806 37.129502575

