1132 892 78.79858657243817 31 10.468795017

996 793 79.61847389558233 14 9.809024602

92 87 94.56521739130434 31 1.780851145

840 638 75.95238095238095 1 8.413274951

400 310 77.5 1 4.444156925

1000 919 91.9 127 15.494894982

1000 923 92.30000000000001 335 15.691314563

900 880 97.77777777777777 238 13.091647994

1000 925 92.5 696 16.017705196

900 884 98.22222222222223 51 12.725844138

900 876 97.33333333333334 711 12.985113336

900 896 99.55555555555556 830 12.090541817

900 898 99.77777777777777 236 11.989218355

900 898 99.77777777777777 549 12.055213234

1260 1042 82.6984126984127 81 13.122321608

1260 1055 83.73015873015873 825 13.844447542

1260 1043 82.77777777777777 68 14.025091883

1258 1035 82.27344992050874 759 13.459777519

1258 1039 82.59141494435612 298 14.324486137

1200 1013 84.41666666666666 539 15.289590479

1200 1017 84.75 730 14.916035845

1300 1085 83.46153846153847 342 15.610746955

1300 1089 83.76923076923077 964 15.813733609

1200 1021 85.08333333333333 162 14.996680946

1200 1007 83.91666666666666 963 14.869056364

800 758 94.75 808 9.796222984

800 758 94.75 342 10.429381653

800 760 95.0 560 9.91271037

800 764 95.5 990 10.064254376

900 848 94.22222222222221 600 12.047699733

900 846 94.0 150 11.36091357

800 761 95.125 203 10.246588446

800 763 95.375 595 10.221731709

800 752 94.0 365 10.433088034

800 760 95.0 500 10.069931056

900 849 94.33333333333334 689 11.665321234

900 849 94.33333333333334 355 11.702354158

900 854 94.88888888888889 295 11.20289538

600 572 95.33333333333334 768 8.864931502

900 856 95.11111111111111 701 11.24428645

700 670 95.71428571428572 120 9.708119175

600 578 96.33333333333334 485 8.107620609

600 573 95.5 117 8.964585413

700 672 96.0 361 9.616675153

700 674 96.28571428571429 682 9.245633641

384 341 88.80208333333334 999 4.811316029

162 145 89.50617283950618 17 2.03940884

2058 1667 81.00097181729835 594 25.712774099

