1132 894 78.97526501766784 218 6.208381785

996 793 79.61847389558233 48 5.619275673

92 88 95.65217391304348 431 1.128347945

840 634 75.47619047619048 1 4.962515763

400 308 77.0 1 2.623472753

1000 947 94.69999999999999 226 9.787284087

1000 944 94.39999999999999 394 9.109291269

900 890 98.88888888888889 545 7.739388545

1000 949 94.89999999999999 466 9.15357786

900 892 99.11111111111111 253 7.226977589

900 887 98.55555555555556 489 7.129442001

900 899 99.8888888888889 277 7.957726874

900 899 99.8888888888889 144 7.030642935

900 898 99.77777777777777 340 6.96214311

1260 1079 85.63492063492063 388 8.011636949

1260 1067 84.68253968253968 476 7.924228949

1260 1072 85.07936507936508 585 7.893475826

1258 1071 85.13513513513513 164 7.886112299

1258 1075 85.45310015898251 131 8.007654503

1200 1028 85.66666666666667 729 8.459754801

1200 1032 86.0 280 8.297128721

1300 1103 84.84615384615385 425 9.499621504

1300 1110 85.38461538461539 224 9.261536159

1200 1041 86.75 114 9.447538923

1200 1021 85.08333333333333 845 8.764060617

800 763 95.375 186 6.16031922

800 759 94.875 70 6.159292119

800 764 95.5 142 5.96151015

800 760 95.0 552 6.014199088

900 855 95.0 507 6.55773579

900 850 94.44444444444444 351 6.56551292

800 763 95.375 764 5.88799195

800 766 95.75 654 5.802495358

800 760 95.0 586 6.096240241

800 765 95.625 143 6.2530994

900 855 95.0 469 6.624428629

900 856 95.11111111111111 585 6.746713055

900 856 95.11111111111111 411 6.495952051

600 582 97.0 412 4.992628243

900 857 95.22222222222221 184 6.763306344

700 676 96.57142857142857 716 6.144096242

600 581 96.83333333333334 965 4.921925506

600 581 96.83333333333334 105 4.94859684

700 678 96.85714285714285 262 5.370654441

700 675 96.42857142857143 781 5.369860904

384 340 88.54166666666666 730 2.948399552

162 145 89.50617283950618 407 1.263499239

2058 1713 83.23615160349854 547 14.802642249

