1132 890 78.62190812720848 631 6.224757942

996 792 79.51807228915662 53 5.606360009

92 84 91.30434782608695 600 0.975894161

840 640 76.19047619047619 1 4.584997508

400 309 77.25 2 2.803803494

1000 913 91.3 28 9.546278627

1000 908 90.8 675 9.087023889

900 876 97.33333333333334 233 7.465159063

1000 910 91.0 522 9.325136447

900 866 96.22222222222221 496 7.154552512

900 870 96.66666666666667 973 7.292982072

900 890 98.88888888888889 370 6.90989479

900 890 98.88888888888889 160 6.874249721

900 893 99.22222222222223 422 6.853512386

1260 1018 80.7936507936508 402 7.994296275

1260 1002 79.52380952380952 701 8.321944899

1260 1017 80.71428571428572 418 7.84579339

1258 1016 80.7631160572337 146 7.635328433

1258 1007 80.0476947535771 258 7.73824605

1200 977 81.41666666666667 169 8.631910902

1200 991 82.58333333333333 778 8.423741593

1300 1089 83.76923076923077 1000 9.154257568

1300 1063 81.76923076923077 19 10.094526483

1200 983 81.91666666666667 623 9.550135186

1200 984 82.0 918 8.970926673

800 752 94.0 437 5.868735758

800 750 93.75 959 5.959845593

800 746 93.25 548 5.903610447

800 747 93.375 250 5.817890309

900 833 92.55555555555556 566 6.605004912

900 837 93.0 148 6.629477396

800 751 93.875 274 6.04786232

800 744 93.0 873 5.969304314

800 745 93.125 168 6.217831795

800 745 93.125 779 5.929894561

900 838 93.11111111111111 989 6.604272244

900 839 93.22222222222221 238 6.76761019

900 838 93.11111111111111 615 6.993930973

600 563 93.83333333333333 329 5.178346988

900 840 93.33333333333333 456 6.586235422

700 660 94.28571428571428 396 5.648657953

600 565 94.16666666666667 703 5.090881252

600 569 94.83333333333334 641 5.063046824

700 654 93.42857142857143 488 5.730048349

700 653 93.28571428571428 37 5.69918935

384 318 82.8125 280 3.033266423

162 143 88.27160493827161 14 1.319610988

2058 1613 78.377065111759 873 15.561513987

