1132 891 78.71024734982332 45 11.625255351

996 795 79.81927710843374 12 10.142549694

92 87 94.56521739130434 308 1.571746269

840 640 76.19047619047619 1 8.634849675

400 308 77.0 1 4.610178072

1000 925 92.5 637 15.768689243

1000 921 92.10000000000001 657 15.361462368

900 880 97.77777777777777 535 12.540946163

1000 923 92.30000000000001 703 15.809065118

900 875 97.22222222222221 839 12.155978317

900 875 97.22222222222221 520 12.514994932

900 894 99.33333333333333 107 11.717901674

900 897 99.66666666666667 31 12.18136631

900 896 99.55555555555556 80 12.080701609

1260 1025 81.34920634920636 802 13.796882678

1260 1035 82.14285714285714 245 13.448123348

1260 1035 82.14285714285714 966 13.448787469

1258 1043 82.9093799682035 919 13.41471718

1258 1034 82.1939586645469 807 13.502162488

1200 1002 83.5 826 14.462934752

1200 1012 84.33333333333334 397 14.209657722

1300 1072 82.46153846153847 358 15.587578913

1300 1083 83.3076923076923 159 16.001337941

1200 1010 84.16666666666667 196 15.458494319

1200 1002 83.5 347 15.653746077

800 759 94.875 454 10.776905284

800 756 94.5 408 10.637250367

800 759 94.875 318 10.159791047

800 752 94.0 865 10.467754254

900 849 94.33333333333334 33 11.243560088

900 843 93.66666666666667 609 11.452685159

800 754 94.25 678 10.420712901

800 759 94.875 491 10.401194762

800 753 94.125 741 10.849689631

800 753 94.125 171 10.558320713

900 851 94.55555555555556 790 11.56620887

900 851 94.55555555555556 279 12.154765299

900 850 94.44444444444444 994 11.436461374

600 579 96.5 59 8.37899309

900 858 95.33333333333334 649 11.97850988

700 670 95.71428571428572 948 9.316500252

600 568 94.66666666666667 463 8.464556223

600 572 95.33333333333334 661 8.298991293

700 666 95.14285714285714 438 9.119943494

700 664 94.85714285714286 376 9.173312116

384 340 88.54166666666666 265 4.810369757

162 145 89.50617283950618 8 1.974894609

2058 1653 80.32069970845481 185 25.254582713

