1132 889 78.53356890459364 166 15.420386906

996 786 78.91566265060241 76 12.992008823

92 84 91.30434782608695 175 2.707386259

840 636 75.71428571428571 1 11.484820081

400 307 76.75 1 6.14302294

1000 915 91.5 999 21.945839007

1000 902 90.2 853 23.106181714

900 869 96.55555555555554 650 17.541837331

1000 907 90.7 212 21.644643158

900 883 98.11111111111111 649 18.520978301

900 863 95.88888888888889 532 17.77463268

900 892 99.11111111111111 69 16.974583715

900 893 99.22222222222223 230 17.532944079

900 890 98.88888888888889 610 17.335818151

1260 1013 80.3968253968254 553 19.005606917

1260 1030 81.74603174603175 578 19.564571904

1260 993 78.80952380952381 638 19.211134998

1258 1000 79.4912559618442 374 19.972850116

1258 1014 80.60413354531002 198 18.794975402

1200 990 82.5 114 21.419827194

1200 1000 83.33333333333334 261 21.812652473

1300 1066 82.0 513 22.54770262

1300 1058 81.38461538461539 246 22.6221136

1200 992 82.66666666666667 464 21.172730014

1200 985 82.08333333333333 515 21.182718084

800 753 94.125 389 14.424970948

800 742 92.75 795 14.398977158

800 740 92.5 143 14.183809059

800 733 91.625 103 14.771342312

900 841 93.44444444444444 721 16.123393614

900 838 93.11111111111111 602 16.537563819

800 752 94.0 686 14.65653617

800 742 92.75 85 14.410992163

800 748 93.5 731 15.223814831

800 742 92.75 348 14.490008248

900 836 92.88888888888889 101 16.164711479

900 844 93.77777777777779 683 16.81010768

900 834 92.66666666666666 341 16.716834697

600 566 94.33333333333334 440 12.249345046

900 829 92.11111111111111 287 17.241249067

700 662 94.57142857142857 372 13.108300068

600 567 94.5 574 11.544977405

600 563 93.83333333333333 99 12.255391789

700 651 93.0 596 13.449019282

700 647 92.42857142857143 178 13.490507475

384 334 86.97916666666666 465 7.066947642

162 143 88.27160493827161 10 2.765031674

2058 1623 78.86297376093295 945 36.687584181

