1132 892 78.79858657243817 110 6.773696874

996 794 79.71887550200803 81 5.925809535

92 88 95.65217391304348 40 1.175498444

840 636 75.71428571428571 1 4.769418724

400 310 77.5 2 2.754457492

1000 923 92.30000000000001 701 10.53062501

1000 922 92.2 172 9.36755509

900 877 97.44444444444444 364 7.501052618

1000 914 91.4 79 9.887304433

900 876 97.33333333333334 284 7.87650702

900 869 96.55555555555554 158 7.44391646

900 893 99.22222222222223 849 6.944819435

900 898 99.77777777777777 138 6.989447552

900 896 99.55555555555556 187 6.968299313

1260 1022 81.11111111111111 95 8.118392083

1260 1025 81.34920634920636 799 7.669931804

1260 1050 83.33333333333334 695 7.89160503

1258 1031 81.95548489666137 927 8.30070489

1258 1023 81.31955484896662 106 8.531381487

1200 1003 83.58333333333333 556 8.493958505

1200 1005 83.75 209 8.261945712

1300 1072 82.46153846153847 951 9.660054896

1300 1059 81.46153846153847 939 9.299755447

1200 999 83.25 370 8.741381014

1200 998 83.16666666666667 790 8.777971914

800 761 95.125 743 6.04111316

800 758 94.75 115 6.423411765

800 757 94.625 867 6.23451098

800 746 93.25 114 5.819943387

900 846 94.0 870 6.611621668

900 843 93.66666666666667 501 7.127717544

800 757 94.625 257 6.009890737

800 760 95.0 731 6.234317023

800 744 93.0 75 6.398951725

800 750 93.75 373 5.95785216

900 847 94.11111111111111 100 6.59692516

900 845 93.88888888888889 269 6.768479793

900 848 94.22222222222221 756 6.643735791

600 571 95.16666666666667 960 4.8735498

900 852 94.66666666666667 71 6.697243205

700 671 95.85714285714285 876 5.36751911

600 571 95.16666666666667 204 5.045913844

600 568 94.66666666666667 131 5.031360739

700 666 95.14285714285714 443 5.501967242

700 660 94.28571428571428 740 5.399876452

384 330 85.9375 938 2.868577062

162 143 88.27160493827161 8 1.22057313

2058 1642 79.78620019436346 572 15.855318812

