1132 892 78.79858657243817 14 15.039129729

996 793 79.61847389558233 13 13.503943816

92 88 95.65217391304348 96 2.019213445

840 640 76.19047619047619 1 11.790804286

400 310 77.5 1 6.078279691

1000 931 93.10000000000001 103 21.61410209

1000 917 91.7 121 21.495327916

900 878 97.55555555555556 560 17.342647708

1000 919 91.9 825 22.237078008

900 879 97.66666666666667 147 17.946883561

900 883 98.11111111111111 193 17.26048952

900 899 99.8888888888889 927 17.136414894

900 899 99.8888888888889 182 16.915611195

900 898 99.77777777777777 259 17.117661502

1260 1043 82.77777777777777 917 18.741177106

1260 1040 82.53968253968253 935 18.559699116

1260 1037 82.3015873015873 76 18.928343754

1258 1029 81.79650238473768 718 19.427925812

1258 1041 82.75039745627981 471 19.167557072

1200 1004 83.66666666666667 210 20.200345966

1200 1016 84.66666666666667 41 20.039000062

1300 1090 83.84615384615385 909 22.138257797

1300 1078 82.92307692307692 304 22.277762757

1200 1009 84.08333333333333 421 21.126195618

1200 1005 83.75 27 21.61155059

800 761 95.125 820 14.157564722

800 757 94.625 122 15.090930446

800 758 94.75 623 15.00132495

800 756 94.5 192 14.115437902

900 851 94.55555555555556 64 16.092188405

900 852 94.66666666666667 89 16.255302845

800 758 94.75 68 14.322498189

800 762 95.25 588 14.598266811

800 758 94.75 758 14.697948996

800 761 95.125 480 14.300346098

900 850 94.44444444444444 308 16.090108042

900 853 94.77777777777779 393 16.107273567

900 851 94.55555555555556 62 15.812160098

600 576 96.0 411 12.668700637

900 858 95.33333333333334 579 16.075264125

700 667 95.28571428571428 637 12.840252512

600 576 96.0 424 11.253237771

600 574 95.66666666666667 34 11.983314538

700 668 95.42857142857143 93 12.870143292

700 669 95.57142857142857 776 13.079805275

384 336 87.5 618 6.893935908

162 143 88.27160493827161 897 3.189507304

2058 1657 80.51506316812439 955 36.320300153

