1132 886 78.26855123674912 172 6.338676323

996 786 78.91566265060241 177 5.430693152

92 85 92.3913043478261 134 1.190590206

840 640 76.19047619047619 1 4.781417211

400 307 76.75 1 2.813934121

1000 905 90.5 716 9.059299725

1000 902 90.2 343 9.221008208

900 867 96.33333333333334 140 7.574177816

1000 903 90.3 523 9.780715791

900 874 97.11111111111111 318 7.602444184

900 870 96.66666666666667 724 7.192230401

900 888 98.66666666666667 34 6.892406957

900 890 98.88888888888889 99 6.921832115

900 888 98.66666666666667 33 6.943728856

1260 1015 80.55555555555556 27 8.142548212

1260 1002 79.52380952380952 88 7.935058036

1260 1010 80.15873015873017 289 7.849914323

1258 988 78.53736089030207 601 8.269976475

1258 995 79.09379968203497 465 7.640830147

1200 976 81.33333333333333 215 8.489647226

1200 981 81.75 59 8.824516892

1300 1056 81.23076923076923 277 9.624647215

1300 1063 81.76923076923077 810 9.424434583

1200 986 82.16666666666667 144 8.698013979

1200 985 82.08333333333333 438 8.566922964

800 742 92.75 368 5.895761691

800 752 94.0 202 5.927814617

800 744 93.0 427 5.832317815

800 743 92.875 341 5.930230665

900 829 92.11111111111111 647 6.820225981

900 833 92.55555555555556 283 6.552885464

800 743 92.875 200 5.949662066

800 742 92.75 157 6.115740757

800 740 92.5 560 6.179443622

800 745 93.125 193 5.957121687

900 837 93.0 294 6.901330427

900 831 92.33333333333333 797 6.950862995

900 842 93.55555555555556 296 6.611243222

600 566 94.33333333333334 875 5.044550221

900 840 93.33333333333333 134 6.854031329

700 656 93.71428571428572 503 5.628178732

600 558 93.0 714 4.761953768

600 569 94.83333333333334 41 5.133224363

700 659 94.14285714285714 821 5.340612445

700 652 93.14285714285714 186 5.871386489

384 318 82.8125 693 3.005102007

162 145 89.50617283950618 104 1.451213729

2058 1619 78.66861030126337 192 14.944570977

