1132 894 78.97526501766784 13 15.190282502

996 796 79.91967871485943 322 13.445505704

92 88 95.65217391304348 187 2.073900023

840 638 75.95238095238095 1 11.066844322

400 309 77.25 1 6.038046501

1000 928 92.80000000000001 366 21.423997566

1000 934 93.4 382 22.282228961

900 876 97.33333333333334 196 17.436951978

1000 928 92.80000000000001 189 22.235413708

900 874 97.11111111111111 661 17.668837669

900 880 97.77777777777777 280 17.626388603

900 896 99.55555555555556 17 16.955577775

900 899 99.8888888888889 547 16.763456879

900 896 99.55555555555556 92 17.167619995

1260 1043 82.77777777777777 333 19.090313981

1260 1042 82.6984126984127 214 19.149861823

1260 1030 81.74603174603175 903 18.545029886

1258 1030 81.87599364069952 215 19.319971305

1258 1053 83.70429252782195 947 19.283714688

1200 1004 83.66666666666667 622 20.540514683

1200 1018 84.83333333333334 651 20.398029004

1300 1096 84.3076923076923 891 21.993898525

1300 1086 83.53846153846153 847 22.20601472

1200 1019 84.91666666666666 836 21.529662104

1200 1000 83.33333333333334 274 21.320919552

800 760 95.0 336 14.318659887

800 759 94.875 62 14.561344924

800 763 95.375 999 14.207342642

800 757 94.625 613 14.349464957

900 849 94.33333333333334 352 16.957031957

900 851 94.55555555555556 713 16.775030386

800 757 94.625 566 14.489803171

800 763 95.375 410 14.275655838

800 756 94.5 704 14.318252353

800 753 94.125 424 14.08308703

900 854 94.88888888888889 740 16.410795422

900 854 94.88888888888889 267 16.13783244

900 855 95.0 625 16.278249213

600 576 96.0 674 12.36677076

900 851 94.55555555555556 199 15.818742756

700 674 96.28571428571429 409 12.918900041

600 580 96.66666666666667 999 11.327648107

600 574 95.66666666666667 301 11.926996861

700 675 96.42857142857143 217 12.791228071

700 669 95.57142857142857 776 13.185305768

384 334 86.97916666666666 139 6.937598487

162 143 88.27160493827161 19 2.757179077

2058 1653 80.32069970845481 266 35.824645651

