1132 894 78.97526501766784 30 15.168702482

996 796 79.91967871485943 52 13.075204213

92 88 95.65217391304348 95 2.857338547

840 640 76.19047619047619 1 11.170623574

400 308 77.0 1 6.398468532

1000 917 91.7 144 21.832173609

1000 922 92.2 197 21.619215916

900 877 97.44444444444444 475 17.495589403

1000 923 92.30000000000001 609 22.276322102

900 879 97.66666666666667 577 17.795827747

900 876 97.33333333333334 455 17.498964145

900 896 99.55555555555556 170 16.799080196

900 897 99.66666666666667 229 16.883335848

900 898 99.77777777777777 447 16.757815018

1260 1036 82.22222222222221 489 19.497556806

1260 1039 82.46031746031746 486 18.784028185

1260 1029 81.66666666666667 72 18.748068524

1258 1033 82.11446740858506 223 19.475028201

1258 1040 82.67090620031796 319 18.716259497

1200 1007 83.91666666666666 721 20.524225499

1200 1015 84.58333333333333 251 20.547837112

1300 1097 84.38461538461539 73 22.214924819

1300 1083 83.3076923076923 861 22.135513809

1200 1016 84.66666666666667 183 20.970446369

1200 1012 84.33333333333334 380 20.982361341

800 759 94.875 616 14.185900889

800 760 95.0 256 15.179366982

800 758 94.75 445 14.21941783

800 759 94.875 726 14.354377595

900 851 94.55555555555556 23 16.055720655

900 849 94.33333333333334 185 16.291573446

800 759 94.875 128 14.486142898

800 761 95.125 47 14.756812956

800 750 93.75 686 14.599751319

800 758 94.75 987 13.994889721

900 846 94.0 341 16.214694817

900 848 94.22222222222221 35 16.155470392

900 852 94.66666666666667 515 16.070043068

600 576 96.0 407 11.837884581

900 857 95.22222222222221 898 16.071881444

700 663 94.71428571428572 313 12.835313126

600 573 95.5 858 11.863312699

600 581 96.83333333333334 145 11.728115312

700 673 96.14285714285714 306 13.156162506

700 666 95.14285714285714 160 12.860771604

384 342 89.0625 196 7.142066506

162 145 89.50617283950618 26 2.713479999

2058 1649 80.12633624878522 387 36.055563745

