1132 892 78.79858657243817 55 6.072167372

996 796 79.91967871485943 35 5.49061899

92 87 94.56521739130434 206 1.048105798

840 640 76.19047619047619 1 4.716178407

400 310 77.5 1 2.625009914

1000 918 91.8 571 9.111165998

1000 922 92.2 264 9.024783408

900 872 96.88888888888889 340 7.379814051

1000 914 91.4 503 9.045305448

900 876 97.33333333333334 873 7.531255483

900 880 97.77777777777777 906 7.304402954

900 898 99.77777777777777 82 6.857301854

900 895 99.44444444444444 884 7.148968119

900 896 99.55555555555556 600 6.946878413

1260 1030 81.74603174603175 843 7.824542381

1260 1036 82.22222222222221 189 7.776544377

1260 1025 81.34920634920636 231 7.598820609

1258 1036 82.35294117647058 199 7.822144778

1258 1021 81.16057233704292 635 7.799427991

1200 998 83.16666666666667 333 8.246922397

1200 1007 83.91666666666666 243 8.440845747

1300 1099 84.53846153846155 1000 9.450141016

1300 1080 83.07692307692308 140 9.557143997

1200 1012 84.33333333333334 383 8.941680845

1200 993 82.75 612 8.750476567

800 757 94.625 216 5.769446278

800 751 93.875 719 6.007687677

800 751 93.875 86 5.819942758

800 754 94.25 851 6.230929097

900 849 94.33333333333334 409 6.877481752

900 840 93.33333333333333 592 6.667041451

800 750 93.75 591 5.956649544

800 757 94.625 529 5.957276894

800 753 94.125 427 5.931967401

800 758 94.75 961 6.032438131

900 848 94.22222222222221 85 6.547157819

900 848 94.22222222222221 488 6.575697632

900 848 94.22222222222221 116 6.65894415

600 573 95.5 808 4.870053312

900 856 95.11111111111111 574 6.76262362

700 667 95.28571428571428 900 5.356343543

600 574 95.66666666666667 511 4.915834802

600 571 95.16666666666667 618 4.896043612

700 667 95.28571428571428 951 5.667018743

700 666 95.14285714285714 621 5.319530383

384 338 88.02083333333334 834 2.890035042

162 143 88.27160493827161 57 1.366188524

2058 1645 79.93197278911565 320 15.695034132

