1132 890 78.62190812720848 87 14.791590632

996 796 79.91967871485943 30 13.957675434

92 88 95.65217391304348 29 2.17786813

840 634 75.47619047619048 1 11.697666985

400 309 77.25 1 5.974085351

1000 917 91.7 511 22.219707198

1000 927 92.7 199 22.069041283

900 884 98.22222222222223 739 17.802324042

1000 923 92.30000000000001 575 22.919259693

900 875 97.22222222222221 519 18.103787592

900 884 98.22222222222223 999 17.307680645

900 898 99.77777777777777 831 17.291716685

900 898 99.77777777777777 19 17.510667869

900 898 99.77777777777777 55 19.070651036

1260 1045 82.93650793650794 151 20.138970651

1260 1051 83.41269841269842 222 19.336521546

1260 1045 82.93650793650794 580 19.182061481

1258 1044 82.98887122416534 826 19.219221567

1258 1043 82.9093799682035 965 19.463615583

1200 1014 84.5 306 20.546062519

1200 1018 84.83333333333334 215 20.061359598

1300 1098 84.46153846153847 863 22.244857563

1300 1087 83.61538461538461 387 22.838732697

1200 1025 85.41666666666666 363 21.366731767

1200 1009 84.08333333333333 115 21.041909278

800 760 95.0 767 14.642741326

800 762 95.25 256 14.350943325

800 762 95.25 167 14.181551671

800 757 94.625 259 14.200018618

900 855 95.0 137 16.180459393

900 851 94.55555555555556 118 16.054769534

800 761 95.125 436 14.426572919

800 767 95.875 775 14.24936615

800 760 95.0 978 14.484585363

800 759 94.875 123 14.867207448

900 849 94.33333333333334 342 16.719304257

900 857 95.22222222222221 686 16.186768811

900 858 95.33333333333334 781 16.232562738

600 576 96.0 969 13.013605026

900 856 95.11111111111111 92 15.901974671

700 665 95.0 286 13.334882467

600 578 96.33333333333334 442 12.20058126

600 577 96.16666666666667 450 11.728706995

700 672 96.0 743 13.06693639

700 668 95.42857142857143 761 12.716631802

384 336 87.5 872 6.988565231

162 145 89.50617283950618 4 3.468936217

2058 1661 80.70942662779397 979 37.265267688

