1132 887 78.35689045936395 761 6.623465622

996 796 79.91967871485943 74 5.479690866

92 85 92.3913043478261 96 1.044755617

840 640 76.19047619047619 1 4.637156985

400 308 77.0 2 2.637672717

1000 907 90.7 825 9.013108489

1000 915 91.5 804 9.060572601

900 868 96.44444444444444 886 7.19595013

1000 907 90.7 899 9.54275861

900 870 96.66666666666667 128 7.21089973

900 857 95.22222222222221 498 7.180366383

900 894 99.33333333333333 152 6.877452568

900 894 99.33333333333333 142 6.993527457

900 888 98.66666666666667 539 7.103453591

1260 1007 79.92063492063492 250 7.883955148

1260 1022 81.11111111111111 657 7.863810739

1260 1006 79.84126984126985 502 8.341293486

1258 997 79.25278219395867 445 7.777200362

1258 1038 82.51192368839428 998 8.706806295

1200 996 83.0 744 8.59937294

1200 984 82.0 371 8.292896192

1300 1063 81.76923076923077 278 9.115040491

1300 1054 81.07692307692308 757 9.10859472

1200 991 82.58333333333333 901 8.732634628

1200 982 81.83333333333334 195 8.883268788

800 744 93.0 489 5.832017759

800 744 93.0 64 6.19221015

800 752 94.0 578 5.814833188

800 746 93.25 571 6.238349451

900 844 93.77777777777779 1000 6.764028476

900 825 91.66666666666666 351 6.947178472

800 752 94.0 948 5.963105822

800 740 92.5 91 6.128580352

800 745 93.125 983 6.207370909

800 738 92.25 179 6.219240952

900 842 93.55555555555556 606 6.823633677

900 846 94.0 151 6.671461227

900 841 93.44444444444444 762 6.588044859

600 574 95.66666666666667 291 5.189746161

900 840 93.33333333333333 60 6.554475313

700 656 93.71428571428572 813 5.423133169

600 564 94.0 622 4.686678483

600 566 94.33333333333334 500 4.946933429

700 661 94.42857142857143 409 5.664754559

700 654 93.42857142857143 441 5.373248949

384 326 84.89583333333334 766 3.022525667

162 145 89.50617283950618 26 1.325669101

2058 1633 79.3488824101069 81 16.856458523

