1132 894 78.97526501766784 444 10.40005284

996 796 79.91967871485943 26 10.175820261

92 88 95.65217391304348 74 1.564509811

840 638 75.95238095238095 1 7.978930298

400 308 77.0 1 4.265300423

1000 930 93.0 952 15.139069241

1000 933 93.30000000000001 675 16.160248352

900 880 97.77777777777777 868 13.028347475

1000 926 92.60000000000001 382 15.66413491

900 888 98.66666666666667 923 12.723601574

900 885 98.33333333333333 956 12.893783778

900 898 99.77777777777777 139 12.519305887

900 900 100.0 903 12.22467826

900 897 99.66666666666667 433 12.061263413

1260 1061 84.2063492063492 851 15.075920104

1260 1042 82.6984126984127 692 14.948406884

1260 1038 82.38095238095238 558 14.849962934

1258 1053 83.70429252782195 321 13.710899897

1258 1045 83.06836248012719 243 13.641011691

1200 1014 84.5 549 14.904020898

1200 1027 85.58333333333333 788 14.312307064

1300 1103 84.84615384615385 57 15.769757584

1300 1093 84.07692307692308 87 16.93619195

1200 1016 84.66666666666667 324 16.068341169

1200 1025 85.41666666666666 648 15.184574691

800 763 95.375 544 11.206065491

800 764 95.5 752 10.346012164

800 759 94.875 124 10.792246337

800 761 95.125 365 9.969690405

900 854 94.88888888888889 46 12.341057779

900 853 94.77777777777779 258 11.753043023

800 762 95.25 338 10.22118214

800 766 95.75 70 10.134268859

800 759 94.875 465 10.277293275

800 762 95.25 73 10.292585807

900 848 94.22222222222221 573 11.794516584

900 849 94.33333333333334 371 11.605914596

900 853 94.77777777777779 785 11.784745259

600 580 96.66666666666667 991 8.32402307

900 860 95.55555555555556 435 12.523129615

700 674 96.28571428571429 214 9.274307281

600 577 96.16666666666667 301 8.185678314

600 580 96.66666666666667 237 8.746834504

700 675 96.42857142857143 72 9.446356382

700 671 95.85714285714285 88 9.149868418

384 342 89.0625 946 4.812189678

162 143 88.27160493827161 23 2.158220042

2058 1663 80.80660835762876 313 25.428804995

