1132 856 75.61837455830388 303 6.139164787

996 758 76.10441767068274 226 5.987679959

92 73 79.34782608695652 162 1.164252181

840 628 74.76190476190476 1 4.962038222

400 303 75.75 1 2.78661635

1000 892 89.2 416 9.224902421

1000 874 87.4 227 9.338772578

900 855 95.0 364 7.285817449

1000 885 88.5 746 9.659443831

900 850 94.44444444444444 915 7.853455891

900 844 93.77777777777779 420 7.595575328

900 874 97.11111111111111 328 7.337680857

900 876 97.33333333333334 7 7.155646917

900 881 97.88888888888889 996 7.025508763

1260 954 75.71428571428571 137 7.888703282

1260 987 78.33333333333333 254 7.806952155

1260 961 76.26984126984127 778 7.832791011

1258 954 75.83465818759937 94 8.298144939

1258 968 76.94753577106518 901 7.76491924

1200 941 78.41666666666667 619 8.366395313

1200 962 80.16666666666666 430 8.376271252

1300 1020 78.46153846153847 641 9.162713531

1300 1011 77.76923076923077 489 9.446113632

1200 971 80.91666666666667 752 8.693512868

1200 940 78.33333333333333 341 8.861187259

800 730 91.25 723 5.838629201

800 724 90.5 180 6.670124138

800 724 90.5 713 6.004736237

800 721 90.125 491 5.885256719

900 809 89.88888888888889 413 6.67544162

900 820 91.11111111111111 620 6.785298238

800 738 92.25 534 6.402161707

800 712 89.0 119 6.818712172

800 713 89.125 459 6.624311118

800 728 91.0 303 6.108730339

900 813 90.33333333333333 572 6.875054734

900 802 89.11111111111111 89 6.850127542

900 814 90.44444444444444 183 6.698337303

600 556 92.66666666666666 750 5.308773274

900 820 91.11111111111111 311 6.788461699

700 639 91.28571428571428 647 5.489666221

600 547 91.16666666666666 338 5.201481322

600 528 88.0 713 5.146838657

700 630 90.0 561 5.467858119

700 633 90.42857142857143 389 5.880042679

384 286 74.47916666666666 783 2.972093427

162 137 84.5679012345679 124 1.302867041

2058 1555 75.55879494655005 568 16.560277015

