1132 892 78.79858657243817 403 11.285627974

996 796 79.91967871485943 17 9.389487923

92 88 95.65217391304348 150 1.682026477

840 640 76.19047619047619 1 8.119566763

400 310 77.5 1 4.541077378

1000 917 91.7 605 15.238978517

1000 913 91.3 923 15.757233673

900 877 97.44444444444444 71 12.297880259

1000 914 91.4 411 15.693605108

900 877 97.44444444444444 936 12.443373025

900 876 97.33333333333334 924 12.405600051

900 895 99.44444444444444 351 12.27586904

900 898 99.77777777777777 296 12.115388138

900 895 99.44444444444444 80 11.948669359

1260 1033 81.98412698412699 663 13.727454464

1260 1013 80.3968253968254 387 13.938412849

1260 1049 83.25396825396825 819 13.911082075

1258 1033 82.11446740858506 355 13.689715888

1258 1025 81.4785373608903 971 13.287869674

1200 998 83.16666666666667 100 14.802787945

1200 1009 84.08333333333333 503 14.304902147

1300 1088 83.6923076923077 196 16.253246318

1300 1075 82.6923076923077 95 16.410457361

1200 1006 83.83333333333334 258 15.513904557

1200 998 83.16666666666667 675 16.582272686

800 756 94.5 676 10.479999851

800 759 94.875 857 10.177688702

800 756 94.5 673 10.397889391

800 755 94.375 880 10.515601255

900 853 94.77777777777779 724 11.631713462

900 850 94.44444444444444 344 11.480972548

800 760 95.0 480 10.417755234

800 756 94.5 290 10.986068796

800 754 94.25 171 10.549427653

800 750 93.75 592 10.326587401

900 851 94.55555555555556 906 11.488929289

900 844 93.77777777777779 234 11.802269611

900 852 94.66666666666667 641 11.617012653

600 573 95.5 444 8.459311051

900 855 95.0 582 11.317222939

700 657 93.85714285714286 362 9.213270171

600 572 95.33333333333334 278 8.636770844

600 573 95.5 245 9.266038372

700 673 96.14285714285714 994 9.846014805

700 667 95.28571428571428 546 9.147320531

384 332 86.45833333333334 742 4.973386374

162 145 89.50617283950618 24 2.020665562

2058 1635 79.44606413994168 555 25.594358033

