1132 894 78.97526501766784 44 10.301110361

996 796 79.91967871485943 61 9.193282725

92 88 95.65217391304348 82 1.627442639

840 638 75.95238095238095 1 7.869114894

400 308 77.0 1 4.266533193

1000 924 92.4 784 16.363922537

1000 928 92.80000000000001 250 16.119132317

900 879 97.66666666666667 514 12.614115172

1000 917 91.7 122 15.887409565

900 867 96.33333333333334 41 12.489607405

900 877 97.44444444444444 22 12.553338782

900 897 99.66666666666667 776 11.976329168

900 896 99.55555555555556 418 12.398506871

900 897 99.66666666666667 382 11.89703426

1260 1032 81.9047619047619 968 13.110152457

1260 1030 81.74603174603175 549 13.400498248

1260 1032 81.9047619047619 97 13.607483587

1258 1041 82.75039745627981 324 14.001940636

1258 1037 82.43243243243244 559 13.044016918

1200 1005 83.75 946 14.321861378

1200 1015 84.58333333333333 55 14.682711193

1300 1078 82.92307692307692 442 16.010148406

1300 1068 82.15384615384616 263 15.664322188

1200 1016 84.66666666666667 570 15.135185285

1200 1009 84.08333333333333 219 14.875304632

800 757 94.625 625 10.268542102

800 757 94.625 433 10.462802733

800 752 94.0 658 10.185346456

800 759 94.875 161 10.318053992

900 850 94.44444444444444 604 11.927163891

900 844 93.77777777777779 676 11.242193805

800 759 94.875 568 10.397507947

800 754 94.25 671 10.378576475

800 758 94.75 924 10.283896665

800 753 94.125 628 10.146312809

900 850 94.44444444444444 237 11.913101831

900 843 93.66666666666667 553 11.570344325

900 852 94.66666666666667 91 11.377566177

600 576 96.0 197 8.670563046

900 854 94.88888888888889 202 11.506176262

700 662 94.57142857142857 464 9.430307741

600 578 96.33333333333334 372 8.397165963

600 572 95.33333333333334 907 8.407187407

700 666 95.14285714285714 421 10.10037391

700 667 95.28571428571428 540 9.039734671

384 336 87.5 465 4.949783415

162 145 89.50617283950618 5 2.268287587

2058 1643 79.83479105928085 468 25.889054659

