1132 894 78.97526501766784 36 11.007258016

996 796 79.91967871485943 97 9.855531124

92 88 95.65217391304348 72 2.33323651

840 638 75.95238095238095 1 7.801460249

400 310 77.5 1 4.506354438

1000 928 92.80000000000001 626 15.440075001

1000 927 92.7 266 15.099315105

900 878 97.55555555555556 189 12.76183749

1000 926 92.60000000000001 808 15.59200401

900 879 97.66666666666667 864 12.84296225

900 884 98.22222222222223 33 12.750651748

900 898 99.77777777777777 333 12.162855687

900 899 99.8888888888889 331 12.045484286

900 897 99.66666666666667 76 12.532079148

1260 1040 82.53968253968253 944 13.994052098

1260 1043 82.77777777777777 451 14.134417185

1260 1026 81.42857142857143 791 13.777574279

1258 1026 81.55802861685216 425 13.440161726

1258 1037 82.43243243243244 553 13.506814594

1200 1007 83.91666666666666 118 14.901911083

1200 1015 84.58333333333333 300 14.531566929

1300 1094 84.15384615384616 436 15.934189979

1300 1088 83.6923076923077 441 16.600289382

1200 1011 84.25 500 15.227202165

1200 1007 83.91666666666666 289 15.596714793

800 761 95.125 238 9.858049094

800 759 94.875 773 10.556130665

800 757 94.625 96 10.362895444

800 759 94.875 53 10.031990898

900 850 94.44444444444444 201 11.796257155

900 851 94.55555555555556 570 11.38823843

800 759 94.875 461 10.109653106

800 763 95.375 508 10.41091627

800 752 94.0 119 10.750406077

800 761 95.125 372 10.54782094

900 856 95.11111111111111 460 11.76143533

900 848 94.22222222222221 215 12.04946786

900 849 94.33333333333334 753 11.339626399

600 578 96.33333333333334 848 8.523068457

900 856 95.11111111111111 596 11.981297481

700 666 95.14285714285714 123 9.117114869

600 572 95.33333333333334 759 8.44987669

600 578 96.33333333333334 92 8.925724115

700 670 95.71428571428572 145 9.478686642

700 669 95.57142857142857 115 9.384430321

384 338 88.02083333333334 484 5.013371286

162 145 89.50617283950618 32 2.194761721

2058 1651 80.22351797862002 246 27.606816715

