1132 890 78.62190812720848 66 10.51780213

996 793 79.61847389558233 44 9.468207701

92 88 95.65217391304348 19 1.692975105

840 640 76.19047619047619 1 8.269208366

400 310 77.5 1 4.293964355

1000 925 92.5 203 15.441328208

1000 928 92.80000000000001 737 15.538859062

900 882 98.0 702 12.300959021

1000 912 91.2 676 15.749455092

900 877 97.44444444444444 184 12.145469767

900 880 97.77777777777777 885 12.358427244

900 899 99.8888888888889 857 11.791572668

900 896 99.55555555555556 830 12.049088925

900 895 99.44444444444444 72 12.126910147

1260 1047 83.0952380952381 324 14.453549267

1260 1043 82.77777777777777 392 13.689539809

1260 1034 82.06349206349206 586 13.375182384

1258 1018 80.9220985691574 317 13.736494677

1258 1030 81.87599364069952 920 13.628500256

1200 1014 84.5 56 14.389228389

1200 1022 85.16666666666667 173 14.729194311

1300 1097 84.38461538461539 640 15.431294998

1300 1086 83.53846153846153 202 15.562802316

1200 1022 85.16666666666667 165 14.826519734

1200 1008 84.0 667 14.910371219

800 756 94.5 199 10.279664493

800 758 94.75 31 10.479638936

800 759 94.875 785 9.953753694

800 753 94.125 341 10.933324621

900 850 94.44444444444444 425 12.923059473

900 846 94.0 569 11.410231886

800 757 94.625 621 11.013652337

800 758 94.75 572 10.657316513

800 757 94.625 326 10.491692833

800 760 95.0 871 10.043683846

900 847 94.11111111111111 959 11.379454578

900 851 94.55555555555556 609 12.040643152

900 851 94.55555555555556 800 11.526336061

600 574 95.66666666666667 481 8.354969392

900 854 94.88888888888889 512 11.574531504

700 667 95.28571428571428 483 9.729630016

600 577 96.16666666666667 1000 8.128484137

600 572 95.33333333333334 250 8.687453352

700 676 96.57142857142857 116 9.978376392

700 669 95.57142857142857 665 9.326580696

384 340 88.54166666666666 792 4.746125932

162 145 89.50617283950618 13 1.963938125

2058 1651 80.22351797862002 88 26.420407762

