1132 893 78.886925795053 26 6.19844003

996 793 79.61847389558233 19 5.488007355

92 87 94.56521739130434 50 1.055268365

840 640 76.19047619047619 1 5.014709798

400 310 77.5 3 2.556968094

1000 925 92.5 270 9.013879306

1000 922 92.2 671 9.229024099

900 877 97.44444444444444 535 7.747875905

1000 920 92.0 855 9.127470153

900 880 97.77777777777777 133 7.474521531

900 881 97.88888888888889 572 7.13399949

900 895 99.44444444444444 93 7.406884142

900 898 99.77777777777777 145 6.882202797

900 899 99.8888888888889 459 6.787274983

1260 1036 82.22222222222221 63 7.938933161

1260 1030 81.74603174603175 880 7.837715851

1260 1025 81.34920634920636 226 8.083069835

1258 1031 81.95548489666137 522 7.833305385

1258 1027 81.637519872814 460 8.348337313

1200 1001 83.41666666666666 480 8.379640771

1200 1011 84.25 93 8.612740696

1300 1082 83.23076923076923 371 9.180316931

1300 1078 82.92307692307692 969 9.032266001

1200 993 82.75 871 8.799932796

1200 1000 83.33333333333334 49 8.873950034

800 756 94.5 342 5.691439198

800 756 94.5 786 6.123174687

800 756 94.5 853 6.013649041

800 755 94.375 305 5.892686591

900 847 94.11111111111111 673 6.777478825

900 846 94.0 934 6.555807216

800 755 94.375 167 5.855169236

800 760 95.0 381 6.320853181

800 758 94.75 923 6.316889771

800 755 94.375 655 5.885677343

900 850 94.44444444444444 718 6.848998485

900 850 94.44444444444444 390 6.613101871

900 855 95.0 355 6.579918253

600 571 95.16666666666667 538 4.914518651

900 847 94.11111111111111 296 6.807869132

700 672 96.0 789 5.329200066

600 567 94.5 641 4.964551341

600 574 95.66666666666667 219 5.088008716

700 667 95.28571428571428 200 5.314887718

700 668 95.42857142857143 598 5.332718847

384 332 86.45833333333334 468 2.920720033

162 143 88.27160493827161 289 1.314233198

2058 1659 80.61224489795919 651 15.205967513

