1132 892 78.79858657243817 113 6.204071617

996 796 79.91967871485943 18 5.495584816

92 88 95.65217391304348 637 1.056333941

840 638 75.95238095238095 1 4.754538541

400 307 76.75 1 2.528827695

1000 923 92.30000000000001 718 9.634356936

1000 938 93.8 579 9.276133902

900 884 98.22222222222223 402 7.961686278

1000 930 93.0 92 9.259941576

900 874 97.11111111111111 586 7.255655293

900 876 97.33333333333334 447 7.212832204

900 898 99.77777777777777 694 6.891254191

900 899 99.8888888888889 34 7.031020559

900 898 99.77777777777777 318 7.458534387

1260 1051 83.41269841269842 412 8.085453658

1260 1061 84.2063492063492 454 7.949574985

1260 1043 82.77777777777777 213 8.272227556

1258 1045 83.06836248012719 961 8.054381753

1258 1043 82.9093799682035 399 8.156906674

1200 1013 84.41666666666666 359 8.476452362

1200 1023 85.25 169 8.599856004

1300 1095 84.23076923076923 219 9.120701144

1300 1098 84.46153846153847 886 9.167365066

1200 1026 85.5 944 8.661507607

1200 1007 83.91666666666666 153 8.813116036

800 756 94.5 107 5.848211207

800 758 94.75 452 5.96948281

800 757 94.625 58 5.852533948

800 758 94.75 225 5.857180509

900 856 95.11111111111111 236 6.663830536

900 850 94.44444444444444 162 6.619397682

800 761 95.125 806 5.912177367

800 763 95.375 627 6.333182767

800 756 94.5 687 6.133239626

800 763 95.375 63 6.490306899

900 852 94.66666666666667 241 6.780973177

900 855 95.0 865 6.876181845

900 858 95.33333333333334 84 6.818659769

600 578 96.33333333333334 499 4.945288439

900 861 95.66666666666667 554 6.503423898

700 671 95.85714285714285 919 5.436881452

600 573 95.5 668 5.021372101

600 578 96.33333333333334 465 4.982571077

700 673 96.14285714285714 315 5.632782363

700 674 96.28571428571429 325 5.357581819

384 342 89.0625 741 2.739421289

162 143 88.27160493827161 11 1.649669641

2058 1651 80.22351797862002 255 15.985302898

