1132 852 75.26501766784452 74 15.134790013

996 770 77.30923694779116 821 13.938125087

92 75 81.52173913043478 282 2.029685171

840 640 76.19047619047619 1 11.614046831

400 306 76.5 2 6.098255588

1000 893 89.3 799 22.370287058

1000 903 90.3 586 21.866804257

900 866 96.22222222222221 574 17.819127977

1000 893 89.3 122 22.576699218

900 858 95.33333333333334 669 17.442322819

900 865 96.11111111111111 713 17.955103718

900 880 97.77777777777777 199 17.076257116

900 891 99.0 338 17.302993764

900 886 98.44444444444444 231 17.001642185

1260 973 77.22222222222223 791 18.828487539

1260 996 79.04761904761905 640 19.442512966

1260 992 78.73015873015873 168 18.878958085

1258 985 78.29888712241655 822 19.82458196

1258 980 77.90143084260731 7 19.402434125

1200 961 80.08333333333333 217 20.331107664

1200 961 80.08333333333333 624 20.498364585

1300 1033 79.46153846153847 49 22.495572981

1300 1058 81.38461538461539 829 22.14004304

1200 958 79.83333333333333 592 21.07643804

1200 978 81.5 814 21.592252515

800 735 91.875 574 14.306258031

800 729 91.125 676 14.389573011

800 734 91.75 722 14.562707854

800 733 91.625 90 15.048560717

900 823 91.44444444444444 350 16.176950521

900 826 91.77777777777779 514 16.390536941

800 730 91.25 805 14.69029497

800 736 92.0 336 14.503369997

800 732 91.5 872 14.814043615

800 734 91.75 211 14.516235367

900 830 92.22222222222223 558 16.552222953

900 821 91.22222222222223 486 16.268473199

900 835 92.77777777777779 119 16.432444116

600 550 91.66666666666666 551 12.176962251

900 834 92.66666666666666 373 16.308901319

700 642 91.71428571428571 443 13.051452919

600 554 92.33333333333333 134 12.192760863

600 542 90.33333333333333 204 12.616859502

700 653 93.28571428571428 225 13.304644158

700 642 91.71428571428571 545 13.146361297

384 316 82.29166666666666 659 6.384096109

162 141 87.03703703703704 9 2.736191743

2058 1598 77.64820213799806 385 35.679666167

