1132 894 78.97526501766784 73 15.149073147

996 795 79.81927710843374 207 13.882568841

92 88 95.65217391304348 8 2.193402298

840 640 76.19047619047619 1 11.197866551

400 310 77.5 1 5.895776916

1000 922 92.2 501 21.518005605

1000 920 92.0 655 21.905241067

900 878 97.55555555555556 271 17.486703844

1000 925 92.5 448 22.029970732

900 875 97.22222222222221 300 17.477043094

900 879 97.66666666666667 405 17.500302077

900 897 99.66666666666667 90 16.769680692

900 898 99.77777777777777 991 16.84786092

900 898 99.77777777777777 62 16.733769381

1260 1025 81.34920634920636 251 19.102484809

1260 1025 81.34920634920636 638 18.536769451

1260 1039 82.46031746031746 997 19.22613143

1258 1030 81.87599364069952 393 19.086620122

1258 1035 82.27344992050874 429 19.008713113

1200 999 83.25 325 20.335002524

1200 1013 84.41666666666666 470 21.351848452

1300 1082 83.23076923076923 359 22.346996004

1300 1073 82.53846153846153 298 22.151500228

1200 1001 83.41666666666666 254 21.35539578

1200 1008 84.0 670 21.599431837

800 753 94.125 219 14.368406775

800 757 94.625 482 14.264655419

800 756 94.5 861 14.174145387

800 754 94.25 947 14.064917475

900 853 94.77777777777779 132 16.416970445

900 845 93.88888888888889 723 16.239798995

800 755 94.375 208 14.327217594

800 756 94.5 175 14.358476847

800 757 94.625 881 14.243304299

800 755 94.375 245 14.022920895

900 845 93.88888888888889 500 16.291676586

900 848 94.22222222222221 224 16.140171586

900 841 93.44444444444444 500 15.924148821

600 572 95.33333333333334 834 12.05454338

900 847 94.11111111111111 680 16.318692333

700 665 95.0 626 13.116647436

600 573 95.5 630 11.32668698

600 571 95.16666666666667 95 11.755246818

700 670 95.71428571428572 913 12.914731974

700 666 95.14285714285714 434 12.667359604

384 338 88.02083333333334 115 6.613776377

162 145 89.50617283950618 15 2.726835741

2058 1640 79.68901846452867 121 36.594710763

