1132 894 78.97526501766784 762 15.097099557

996 792 79.51807228915662 67 13.317692511

92 88 95.65217391304348 19 2.100693047

840 640 76.19047619047619 1 11.520146451

400 310 77.5 1 5.949200934

1000 925 92.5 457 21.739497256

1000 920 92.0 248 21.506784644

900 880 97.77777777777777 381 17.863473167

1000 923 92.30000000000001 315 22.341907206

900 882 98.0 340 17.349598575

900 879 97.66666666666667 132 17.28937543

900 898 99.77777777777777 438 16.652260737

900 898 99.77777777777777 906 16.796874355

900 898 99.77777777777777 130 17.722180695

1260 1031 81.82539682539682 356 19.23841336

1260 1022 81.11111111111111 162 18.584839434

1260 1032 81.9047619047619 329 19.406796195

1258 1039 82.59141494435612 350 19.572943449

1258 1030 81.87599364069952 743 19.341779171

1200 1006 83.83333333333334 64 20.599981577

1200 1019 84.91666666666666 997 20.473908669

1300 1084 83.38461538461537 747 21.874201358

1300 1072 82.46153846153847 261 22.649032405

1200 1016 84.66666666666667 309 21.394053922

1200 1004 83.66666666666667 374 21.376028992

800 757 94.625 444 14.207654623

800 757 94.625 525 14.350940504

800 762 95.25 640 14.263790727

800 750 93.75 793 14.498967452

900 854 94.88888888888889 27 15.96937992

900 847 94.11111111111111 460 15.709435308

800 755 94.375 212 14.3085546

800 763 95.375 547 15.118504813

800 755 94.375 114 15.145414593

800 758 94.75 189 14.386552256

900 847 94.11111111111111 671 16.818046523

900 852 94.66666666666667 929 16.278192467

900 852 94.66666666666667 208 15.738832283

600 572 95.33333333333334 868 11.861119088

900 856 95.11111111111111 639 16.142026866

700 671 95.85714285714285 569 12.958741657

600 576 96.0 301 11.490633125

600 572 95.33333333333334 248 11.840707123

700 664 94.85714285714286 99 13.045892912

700 668 95.42857142857143 322 13.148372959

384 333 86.71875 124 7.088255109

162 143 88.27160493827161 111 2.828577295

2058 1653 80.32069970845481 820 36.748882836

