1132 894 78.97526501766784 149 10.605081157

996 794 79.71887550200803 30 9.617391111

92 88 95.65217391304348 12 1.545060342

840 640 76.19047619047619 1 8.652270934

400 310 77.5 1 4.376626956

1000 925 92.5 663 15.421554788

1000 935 93.5 126 16.329001518

900 877 97.44444444444444 647 12.448208069

1000 924 92.4 950 15.714466347

900 877 97.44444444444444 656 12.725521229

900 881 97.88888888888889 209 12.614957565

900 896 99.55555555555556 278 11.847931633

900 897 99.66666666666667 783 11.950703727

900 899 99.8888888888889 754 11.929434258

1260 1039 82.46031746031746 422 13.966005838

1260 1038 82.38095238095238 869 13.845722528

1260 1030 81.74603174603175 154 13.974795179

1258 1045 83.06836248012719 154 13.387372842

1258 1036 82.35294117647058 263 13.671953243

1200 1007 83.91666666666666 62 14.173013879

1200 1013 84.41666666666666 132 14.622564815

1300 1088 83.6923076923077 833 15.856708598

1300 1088 83.6923076923077 312 16.170837954

1200 1017 84.75 599 15.550390722

1200 1017 84.75 267 15.005413253

800 761 95.125 694 10.300218616

800 759 94.875 905 10.372781858

800 757 94.625 772 10.071270663

800 759 94.875 990 9.943271532

900 850 94.44444444444444 130 12.137230756

900 852 94.66666666666667 292 11.502778097

800 754 94.25 502 10.202085975

800 763 95.375 665 10.188766498

800 759 94.875 674 10.962408367

800 755 94.375 277 10.103358946

900 854 94.88888888888889 152 11.338633702

900 851 94.55555555555556 457 11.725416341

900 852 94.66666666666667 729 11.448035276

600 574 95.66666666666667 362 8.676809859

900 852 94.66666666666667 327 11.40806062

700 672 96.0 857 9.403566183

600 573 95.5 856 8.246019849

600 580 96.66666666666667 526 8.629338844

700 672 96.0 235 9.126503922

700 668 95.42857142857143 418 9.811566519

384 340 88.54166666666666 461 4.81194154

162 143 88.27160493827161 6 1.993356401

2058 1659 80.61224489795919 653 26.514759821

