1132 893 78.886925795053 44 15.646464067

996 796 79.91967871485943 25 13.791061724

92 86 93.47826086956522 12 2.325508349

840 628 74.76190476190476 1 11.585379409

400 308 77.0 2 6.193004811

1000 950 95.0 733 21.836178292

1000 955 95.5 687 22.569044177

900 893 99.22222222222223 880 19.005157238

1000 947 94.69999999999999 897 23.363491631

900 892 99.11111111111111 852 18.371046395

900 893 99.22222222222223 951 18.908943847

900 898 99.77777777777777 62 17.637697562

900 900 100.0 109 17.728131042

900 899 99.8888888888889 60 16.745012832

1260 1083 85.95238095238096 903 19.047780699

1260 1085 86.11111111111111 583 20.473043904

1260 1066 84.60317460317461 695 20.044472026

1258 1075 85.45310015898251 547 20.278910639

1258 1079 85.77106518282989 982 20.882484101

1200 1022 85.16666666666667 373 21.360866708

1200 1034 86.16666666666667 957 21.569535611

1300 1108 85.23076923076923 855 23.315747469

1300 1103 84.84615384615385 691 23.975051392

1200 1042 86.83333333333333 254 22.770342877

1200 1033 86.08333333333333 901 22.717399745

800 761 95.125 432 14.825944884

800 763 95.375 800 14.960442012

800 761 95.125 174 15.623383462

800 760 95.0 429 15.216605495

900 855 95.0 259 16.953962056

900 848 94.22222222222221 300 16.507434168

800 766 95.75 644 15.59210223

800 766 95.75 419 15.860604092

800 762 95.25 964 14.753948021

800 763 95.375 105 14.462237286

900 856 95.11111111111111 658 16.076008852

900 857 95.22222222222221 857 16.205433037

900 856 95.11111111111111 624 16.114476779

600 583 97.16666666666667 870 11.92699769

900 865 96.11111111111111 854 16.025742478

700 679 97.0 453 13.548554096

600 576 96.0 345 11.660062692

600 581 96.83333333333334 829 11.95719921

700 681 97.28571428571429 978 14.037716975

700 676 96.57142857142857 433 13.843853763

384 340 88.54166666666666 35 7.222506331

162 145 89.50617283950618 129 3.027013523

2058 1709 83.04178814382897 300 36.861217546

