1132 880 77.73851590106007 509 6.133756406

996 787 79.01606425702812 799 5.339569137

92 82 89.13043478260869 707 1.015886197

840 626 74.52380952380952 1 4.612148176

400 308 77.0 1 2.607317059

1000 906 90.60000000000001 319 9.296765831

1000 912 91.2 466 9.164972162

900 877 97.44444444444444 63 7.27292811

1000 908 90.8 96 9.16257462

900 865 96.11111111111111 365 7.22085061

900 868 96.44444444444444 901 7.215761767

900 882 98.0 103 6.859430559

900 885 98.33333333333333 141 6.897456504

900 888 98.66666666666667 335 6.89243861

1260 1005 79.76190476190477 653 7.963835337

1260 1016 80.63492063492063 181 7.870681095

1260 999 79.28571428571428 471 7.864045896

1258 999 79.41176470588235 716 7.743038977

1258 1005 79.88871224165341 632 7.884646931

1200 999 83.25 188 8.248159426

1200 1001 83.41666666666666 741 8.412301017

1300 1074 82.61538461538461 722 9.081356315

1300 1066 82.0 43 9.099494146

1200 1009 84.08333333333333 404 8.677675138

1200 987 82.25 456 9.330781327

800 745 93.125 84 5.756257788

800 748 93.5 173 5.958630546

800 743 92.875 416 6.022653085

800 747 93.375 297 5.980632791

900 832 92.44444444444444 800 6.975123803

900 822 91.33333333333333 377 6.851892383

800 747 93.375 511 5.980349403

800 749 93.625 342 6.040176677

800 736 92.0 191 6.0045212

800 745 93.125 852 5.962870495

900 838 93.11111111111111 728 6.707954797

900 845 93.88888888888889 533 6.70643722

900 842 93.55555555555556 365 7.056440259

600 557 92.83333333333333 39 5.008693288

900 845 93.88888888888889 957 6.920891569

700 659 94.14285714285714 428 5.908674607

600 569 94.83333333333334 445 5.026400575

600 559 93.16666666666666 529 5.542338313

700 652 93.14285714285714 304 5.591350353

700 650 92.85714285714286 536 5.600095745

384 324 84.375 221 2.968494847

162 145 89.50617283950618 38 1.467725045

2058 1614 78.4256559766764 724 15.538567705

