1132 885 78.18021201413427 334 11.259694017

996 786 78.91566265060241 545 10.253427326

92 86 93.47826086956522 298 1.635746311

840 640 76.19047619047619 1 8.316943019

400 309 77.25 1 4.476940049

1000 903 90.3 605 17.004158942

1000 893 89.3 430 18.006160187

900 868 96.44444444444444 281 12.590124558

1000 901 90.10000000000001 267 15.754578961

900 870 96.66666666666667 948 12.95940363

900 857 95.22222222222221 45 13.19482902

900 890 98.88888888888889 532 12.41932648

900 887 98.55555555555556 503 12.230154731

900 885 98.33333333333333 114 12.052484426

1260 1004 79.68253968253968 219 13.642226586

1260 1021 81.03174603174604 320 13.38829044

1260 985 78.17460317460318 424 13.853708342

1258 992 78.85532591414945 338 13.72713572

1258 1011 80.36565977742448 702 13.416989561

1200 990 82.5 774 14.814356883

1200 1014 84.5 759 14.454299549

1300 1071 82.38461538461539 233 16.327839873

1300 1062 81.6923076923077 861 15.807853105

1200 997 83.08333333333333 240 15.464763396

1200 991 82.58333333333333 257 15.423380261

800 749 93.625 948 10.108425874

800 749 93.625 246 10.308295301

800 747 93.375 375 10.52016305

800 746 93.25 425 10.268971292

900 851 94.55555555555556 383 11.268913831

900 837 93.0 566 11.670340558

800 758 94.75 276 10.11540421

800 752 94.0 447 9.965208899

800 741 92.625 222 10.098753364

800 742 92.75 231 10.02839802

900 837 93.0 629 11.554379764

900 836 92.88888888888889 621 12.285638657

900 839 93.22222222222221 780 11.79999947

600 563 93.83333333333333 450 9.139126258

900 853 94.77777777777779 72 11.401358443

700 657 93.85714285714286 968 9.540003167

600 571 95.16666666666667 964 8.435683736

600 567 94.5 606 8.613787458

700 663 94.71428571428572 587 9.555149023

700 657 93.85714285714286 179 10.195478141

384 323 84.11458333333334 332 5.068713133

162 143 88.27160493827161 15 2.08420797

2058 1603 77.89115646258503 209 27.721866396

