1132 893 78.886925795053 262 11.433093852

996 796 79.91967871485943 28 9.829472606

92 88 95.65217391304348 75 1.759978017

840 640 76.19047619047619 1 8.474566719

400 310 77.5 2 4.481079054

1000 921 92.10000000000001 42 15.36976559

1000 922 92.2 22 15.123968524

900 880 97.77777777777777 790 12.679710541

1000 922 92.2 331 16.45606297

900 876 97.33333333333334 844 12.300500625

900 878 97.55555555555556 372 13.155067117

900 897 99.66666666666667 176 12.003369181

900 897 99.66666666666667 590 12.253539644

900 896 99.55555555555556 292 11.76921277

1260 1047 83.0952380952381 546 13.624431427

1260 1039 82.46031746031746 875 13.783467015

1260 1036 82.22222222222221 338 13.124689771

1258 1022 81.24006359300478 586 13.922258799

1258 1042 82.82988871224165 762 13.605240769

1200 1006 83.83333333333334 534 14.743646738

1200 1012 84.33333333333334 454 14.674227774

1300 1088 83.6923076923077 266 15.931560463

1300 1075 82.6923076923077 134 15.854441696

1200 1009 84.08333333333333 512 14.939617077

1200 1005 83.75 471 15.033214339

800 761 95.125 108 9.735329152

800 756 94.5 410 10.132456557

800 761 95.125 960 9.932893382

800 753 94.125 882 10.063585583

900 853 94.77777777777779 258 11.510763562

900 847 94.11111111111111 518 11.327906518

800 757 94.625 136 10.086370603

800 761 95.125 259 10.714027057

800 747 93.375 318 10.247313907

800 763 95.375 377 10.454122544

900 851 94.55555555555556 753 11.819463764

900 844 93.77777777777779 887 11.963414274

900 852 94.66666666666667 420 11.691336584

600 574 95.66666666666667 519 8.863042072

900 854 94.88888888888889 171 11.431142987

700 669 95.57142857142857 689 9.189497793

600 572 95.33333333333334 613 8.074064941

600 574 95.66666666666667 739 8.782569071

700 665 95.0 567 9.064641819

700 668 95.42857142857143 329 9.161838271

384 340 88.54166666666666 939 4.786536388

162 143 88.27160493827161 4 2.132799476

2058 1647 80.02915451895043 835 25.687594498

