1132 894 78.97526501766784 20 14.804657383

996 796 79.91967871485943 26 13.244763634

92 88 95.65217391304348 17 2.142496748

840 640 76.19047619047619 1 11.721868738

400 310 77.5 1 6.004213369

1000 925 92.5 189 23.046586215

1000 928 92.80000000000001 139 21.635181169

900 882 98.0 322 17.265884182

1000 923 92.30000000000001 232 22.04358094

900 879 97.66666666666667 876 17.285538795

900 877 97.44444444444444 289 17.223161839

900 898 99.77777777777777 21 16.751481432

900 898 99.77777777777777 284 16.969671358

900 899 99.8888888888889 136 16.874927479

1260 1037 82.3015873015873 745 18.534643131

1260 1032 81.9047619047619 201 18.769810092

1260 1034 82.06349206349206 589 19.043666811

1258 1040 82.67090620031796 846 19.200212032

1258 1033 82.11446740858506 976 18.642543134

1200 1007 83.91666666666666 592 20.211737199

1200 1020 85.0 255 20.165388066

1300 1084 83.38461538461537 875 21.845808926

1300 1089 83.76923076923077 994 22.27048812

1200 1019 84.91666666666666 890 21.082100498

1200 1001 83.41666666666666 718 21.233865515

800 757 94.625 97 14.125435702

800 757 94.625 185 14.501278661

800 761 95.125 99 14.161362286

800 759 94.875 411 14.058485175

900 852 94.66666666666667 135 15.978411722

900 846 94.0 465 16.754398457

800 757 94.625 233 14.169275675

800 761 95.125 438 14.467724803

800 754 94.25 912 14.416017483

800 759 94.875 150 14.273895251

900 852 94.66666666666667 144 16.083626929

900 848 94.22222222222221 230 16.342840963

900 852 94.66666666666667 852 15.698087902

600 570 95.0 923 11.895527076

900 860 95.55555555555556 898 16.159783438

700 671 95.85714285714285 68 12.967166722

600 575 95.83333333333334 301 12.027448996

600 575 95.83333333333334 95 12.062384804

700 670 95.71428571428572 236 12.892924628

700 667 95.28571428571428 918 12.779001454

384 339 88.28125 214 6.540268817

162 145 89.50617283950618 4 2.700589068

2058 1659 80.61224489795919 151 36.105037923

