1132 887 78.35689045936395 504 11.79397583

996 780 78.3132530120482 656 9.820754072

92 83 90.21739130434783 961 1.891464525

840 640 76.19047619047619 1 8.410587159

400 309 77.25 1 4.341171489

1000 896 89.60000000000001 32 16.020505816

1000 894 89.4 552 16.247251363

900 861 95.66666666666667 431 12.477991453

1000 903 90.3 222 16.676947906

900 858 95.33333333333334 426 12.934902765

900 860 95.55555555555556 435 12.691195065

900 876 97.33333333333334 100 12.52397546

900 890 98.88888888888889 31 12.553556569

900 889 98.77777777777777 833 12.090278286

1260 1001 79.44444444444444 977 13.759072501

1260 958 76.03174603174602 38 14.109660831

1260 1005 79.76190476190477 549 14.511138602

1258 1002 79.65023847376789 243 13.88510201

1258 989 78.61685214626391 863 14.313397909

1200 981 81.75 976 15.036303212

1200 982 81.83333333333334 843 15.253789158

1300 1064 81.84615384615384 202 15.849111665

1300 1062 81.6923076923077 590 15.870124

1200 984 82.0 352 15.538488861

1200 973 81.08333333333333 182 15.698249443

800 748 93.5 449 10.230006952

800 739 92.375 316 10.28841972

800 747 93.375 499 10.043659898

800 740 92.5 977 10.314755209

900 821 91.22222222222223 537 11.470634381

900 833 92.55555555555556 607 12.175805612

800 748 93.5 183 10.850156764

800 752 94.0 321 10.734651166

800 749 93.625 710 10.55778777

800 746 93.25 810 10.243823096

900 831 92.33333333333333 784 11.706647203

900 845 93.88888888888889 764 12.312166246

900 830 92.22222222222223 46 11.4546425

600 549 91.5 302 8.682276687

900 833 92.55555555555556 391 12.639908103

700 651 93.0 245 9.727931152

600 546 91.0 868 8.182560093

600 551 91.83333333333333 414 8.696804575

700 649 92.71428571428572 942 9.48581479

700 656 93.71428571428572 609 9.816175595

384 320 83.33333333333334 292 5.385397077

162 143 88.27160493827161 27 2.044589541

2058 1579 76.72497570456754 102 27.398670457

