1132 894 78.97526501766784 8 15.008483575

996 785 78.81526104417671 39 13.521202977

92 87 94.56521739130434 47 2.132768378

840 634 75.47619047619048 1 11.139864879

400 309 77.25 1 5.913867748

1000 926 92.60000000000001 205 21.276107534

1000 922 92.2 245 21.718628397

900 874 97.11111111111111 26 17.99142396

1000 922 92.2 735 21.907414665

900 872 96.88888888888889 392 17.733794591

900 871 96.77777777777777 648 17.256392723

900 896 99.55555555555556 846 16.960481129

900 892 99.11111111111111 135 16.826327068

900 894 99.33333333333333 820 16.87067432

1260 1010 80.15873015873017 469 18.950985856

1260 1021 81.03174603174604 635 19.237755937

1260 1012 80.31746031746032 345 19.006274911

1258 1030 81.87599364069952 581 18.98931316

1258 1021 81.16057233704292 233 19.193936093

1200 989 82.41666666666667 52 20.398331644

1200 1000 83.33333333333334 277 20.781941497

1300 1068 82.15384615384616 90 22.623744341

1300 1075 82.6923076923077 222 23.261921614

1200 999 83.25 915 21.084990824

1200 993 82.75 208 21.318153259

800 756 94.5 724 14.418003733

800 752 94.0 700 15.10552567

800 752 94.0 798 14.321042556

800 747 93.375 451 14.780286635

900 838 93.11111111111111 685 15.980204531

900 846 94.0 876 16.370918085

800 748 93.5 744 14.829955976

800 749 93.625 38 14.459902674

800 753 94.125 99 14.321959858

800 746 93.25 323 14.293328466

900 844 93.77777777777779 706 16.433427233

900 852 94.66666666666667 676 16.275616427

900 847 94.11111111111111 304 16.197117086

600 570 95.0 66 11.959470013

900 848 94.22222222222221 692 16.910897354

700 666 95.14285714285714 523 13.032243647

600 570 95.0 88 11.306769633

600 575 95.83333333333334 703 11.774553588

700 663 94.71428571428572 286 12.9529091

700 666 95.14285714285714 293 12.744035225

384 334 86.97916666666666 320 6.96253908

162 143 88.27160493827161 250 2.845432849

2058 1623 78.86297376093295 183 36.846666548

