1132 894 78.97526501766784 17 10.930991263

996 796 79.91967871485943 12 9.288120183

92 88 95.65217391304348 117 1.616469886

840 640 76.19047619047619 1 8.308226136

400 309 77.25 1 4.269315703

1000 921 92.10000000000001 99 15.350983757

1000 927 92.7 310 15.508394926

900 876 97.33333333333334 491 12.364805827

1000 933 93.30000000000001 282 15.65940458

900 878 97.55555555555556 615 12.258181251

900 875 97.22222222222221 17 12.147534359

900 895 99.44444444444444 123 12.000804996

900 897 99.66666666666667 227 12.178884305

900 897 99.66666666666667 48 12.078008407

1260 1030 81.74603174603175 937 13.789352902

1260 1028 81.58730158730158 317 13.764036946

1260 1024 81.26984126984127 920 13.067085909

1258 1025 81.4785373608903 76 13.392412909

1258 1033 82.11446740858506 94 13.614977198

1200 995 82.91666666666667 288 14.434757395

1200 1015 84.58333333333333 211 14.244009776

1300 1079 83.0 363 16.692441496

1300 1077 82.84615384615385 559 15.825329675

1200 1005 83.75 431 15.052468662

1200 1004 83.66666666666667 259 15.409073985

800 757 94.625 368 10.087415579

800 753 94.125 204 10.400444781

800 757 94.625 126 9.888707588

800 761 95.125 522 10.137564363

900 853 94.77777777777779 397 11.483083593

900 847 94.11111111111111 483 11.723051306

800 762 95.25 163 10.150708138

800 757 94.625 466 10.635073916

800 756 94.5 205 10.551178999

800 755 94.375 592 10.439001456

900 849 94.33333333333334 459 11.334476129

900 850 94.44444444444444 418 11.556120127

900 851 94.55555555555556 227 11.647104038

600 574 95.66666666666667 761 8.68507463

900 851 94.55555555555556 126 11.727162364

700 666 95.14285714285714 487 9.514505631

600 575 95.83333333333334 936 8.05217949

600 576 96.0 326 8.245807178

700 670 95.71428571428572 98 9.814433527

700 664 94.85714285714286 474 9.190304052

384 338 88.02083333333334 839 4.900756985

162 145 89.50617283950618 10 2.027704786

2058 1637 79.54324586977648 179 25.772049115

