1132 893 78.886925795053 782 10.365844542

996 795 79.81927710843374 40 9.715886322

92 88 95.65217391304348 27 1.588860898

840 640 76.19047619047619 1 8.611108818

400 310 77.5 1 4.180392401

1000 924 92.4 572 15.630662739

1000 927 92.7 364 16.061869732

900 876 97.33333333333334 599 12.713161059

1000 916 91.60000000000001 590 15.929631558

900 876 97.33333333333334 634 12.322443807

900 876 97.33333333333334 111 13.506923397

900 898 99.77777777777777 589 11.972765715

900 897 99.66666666666667 974 12.024293213

900 899 99.8888888888889 690 12.352368047

1260 1035 82.14285714285714 644 13.962315702

1260 1040 82.53968253968253 501 13.354833316

1260 1026 81.42857142857143 526 13.882459813

1258 1025 81.4785373608903 759 13.858224193

1258 1034 82.1939586645469 451 13.390737058

1200 1000 83.33333333333334 174 14.357134354

1200 1005 83.75 820 14.324502073

1300 1077 82.84615384615385 763 16.166218423

1300 1070 82.3076923076923 956 15.881539618

1200 1008 84.0 908 15.10611774

1200 1009 84.08333333333333 433 15.655098509

800 752 94.0 692 10.49214471

800 754 94.25 589 10.641485339

800 758 94.75 288 10.131211113

800 757 94.625 578 10.040272027

900 847 94.11111111111111 250 11.754428743

900 843 93.66666666666667 799 11.732055447

800 752 94.0 202 10.225417536

800 754 94.25 541 10.010707925

800 756 94.5 641 10.063789603

800 750 93.75 309 10.191264463

900 844 93.77777777777779 718 11.492168759

900 843 93.66666666666667 656 11.665400536

900 839 93.22222222222221 751 11.262732739

600 574 95.66666666666667 496 8.385968091

900 853 94.77777777777779 141 11.849210053

700 674 96.28571428571429 126 9.237284113

600 573 95.5 619 8.253250492

600 568 94.66666666666667 517 8.798347643

700 662 94.57142857142857 784 9.1647004

700 666 95.14285714285714 758 9.198333901

384 338 88.02083333333334 761 5.191892326

162 145 89.50617283950618 17 2.030661334

2058 1643 79.83479105928085 492 25.778793919

