1132 893 78.886925795053 56 5.945020038

996 795 79.81927710843374 29 5.40422823

92 88 95.65217391304348 687 1.131663978

840 640 76.19047619047619 1 4.736288818

400 310 77.5 1 2.664212196

1000 919 91.9 701 9.147601538

1000 926 92.60000000000001 794 9.058577661

900 881 97.88888888888889 581 7.420169076

1000 942 94.19999999999999 155 9.326244684

900 885 98.33333333333333 462 7.702607659

900 882 98.0 292 7.245618272

900 897 99.66666666666667 575 6.766440231

900 900 100.0 608 7.202293653

900 897 99.66666666666667 780 6.80549676

1260 1070 84.92063492063492 633 8.058908569

1260 1064 84.44444444444444 344 8.067470428

1260 1054 83.65079365079366 258 7.857842063

1258 1063 84.49920508744037 910 8.01627334

1258 1062 84.41971383147853 251 7.752529212

1200 1011 84.25 402 8.267561508

1200 1018 84.83333333333334 687 8.334498901

1300 1102 84.76923076923077 884 9.394845073

1300 1095 84.23076923076923 770 9.152970976

1200 1035 86.25 930 8.990472237

1200 1019 84.91666666666666 341 8.750960449

800 763 95.375 454 5.792022372

800 764 95.5 632 5.919268996

800 759 94.875 594 5.858974102

800 761 95.125 393 5.949100144

900 853 94.77777777777779 769 6.633136304

900 849 94.33333333333334 631 6.734043812

800 763 95.375 703 5.90492968

800 764 95.5 226 5.984819899

800 758 94.75 175 5.952446619

800 764 95.5 242 6.169416243

900 851 94.55555555555556 655 6.764442655

900 855 95.0 693 6.570456872

900 853 94.77777777777779 263 6.485081952

600 577 96.16666666666667 482 4.936813997

900 855 95.0 641 6.871193199

700 675 96.42857142857143 786 5.391887158

600 572 95.33333333333334 462 5.021220623

600 581 96.83333333333334 529 5.086073078

700 670 95.71428571428572 248 5.333311827

700 668 95.42857142857143 258 5.377491086

384 340 88.54166666666666 641 2.957560156

162 145 89.50617283950618 44 1.326533453

2058 1675 81.38969873663751 821 16.407901569

