1132 890 78.62190812720848 13 10.773992974

996 792 79.51807228915662 15 9.908387932

92 88 95.65217391304348 127 1.635034439

840 638 75.95238095238095 1 7.784431061

400 310 77.5 1 4.360267138

1000 926 92.60000000000001 289 15.765115134

1000 924 92.4 306 15.408195056

900 881 97.88888888888889 887 12.169524936

1000 930 93.0 95 15.334600819

900 873 97.0 90 12.455857386

900 881 97.88888888888889 187 12.202753

900 897 99.66666666666667 805 12.043728413

900 896 99.55555555555556 45 12.402776083

900 896 99.55555555555556 120 12.423926478

1260 1041 82.61904761904762 358 13.897290031

1260 1038 82.38095238095238 505 13.577015009

1260 1032 81.9047619047619 700 13.472575796

1258 1042 82.82988871224165 534 14.133891827

1258 1036 82.35294117647058 928 13.744502492

1200 1005 83.75 239 14.647827879

1200 1011 84.25 168 14.595909472

1300 1093 84.07692307692308 392 16.329295827

1300 1081 83.15384615384616 909 16.093583734

1200 1014 84.5 402 14.918818136

1200 1007 83.91666666666666 162 15.486980003

800 763 95.375 151 10.14848938

800 762 95.25 200 10.752010446

800 760 95.0 335 10.332383544

800 759 94.875 599 10.381055249

900 852 94.66666666666667 881 11.238853928

900 848 94.22222222222221 265 11.712341236

800 758 94.75 111 10.612234727

800 763 95.375 405 10.295994324

800 753 94.125 373 10.921333217

800 755 94.375 111 10.125431371

900 851 94.55555555555556 108 11.367422538

900 856 95.11111111111111 314 11.35450157

900 855 95.0 280 11.253636817

600 573 95.5 526 8.397285464

900 857 95.22222222222221 294 11.344672073

700 670 95.71428571428572 289 10.029411733

600 572 95.33333333333334 443 7.994669494

600 570 95.0 230 8.505416861

700 669 95.57142857142857 146 9.267370374

700 668 95.42857142857143 640 9.15773393

384 332 86.45833333333334 80 4.962941549

162 145 89.50617283950618 7 2.015661432

2058 1639 79.64042759961127 763 27.487098846

