1132 883 78.00353356890459 142 10.599035006

996 785 78.81526104417671 692 9.947914002

92 78 84.78260869565217 335 1.588312786

840 638 75.95238095238095 1 8.148057227

400 307 76.75 1 4.329096362

1000 896 89.60000000000001 207 15.498594705

1000 899 89.9 748 16.872608174

900 861 95.66666666666667 872 13.305374602

1000 899 89.9 434 15.408887889

900 865 96.11111111111111 109 13.036088122

900 863 95.88888888888889 458 12.358773521

900 885 98.33333333333333 704 11.892064831

900 883 98.11111111111111 794 12.547418523

900 886 98.44444444444444 300 12.084141957

1260 972 77.14285714285715 555 13.613636717

1260 994 78.88888888888889 74 13.757727267

1260 985 78.17460317460318 95 13.808222469

1258 999 79.41176470588235 664 14.000919377

1258 991 78.7758346581876 307 15.505817427

1200 951 79.25 858 15.412954475

1200 966 80.5 302 14.509211598

1300 1047 80.53846153846153 345 16.835551532

1300 1036 79.6923076923077 906 15.947554238

1200 965 80.41666666666667 848 15.019413916

1200 964 80.33333333333333 766 14.970365492

800 732 91.5 838 10.734722877

800 733 91.625 515 10.121409946

800 741 92.625 923 10.084185269

800 737 92.125 495 10.105915844

900 820 91.11111111111111 341 12.388777657

900 820 91.11111111111111 651 11.658086852

800 737 92.125 472 10.680710896

800 735 91.875 374 11.362616376

800 730 91.25 445 10.410122508

800 727 90.875 909 10.197281255

900 825 91.66666666666666 530 11.699827739

900 820 91.11111111111111 267 11.729692323

900 826 91.77777777777779 888 12.318965826

600 557 92.83333333333333 288 8.699320208

900 821 91.22222222222223 674 11.81278125

700 644 92.0 92 9.604814357

600 554 92.33333333333333 636 8.568638704

600 549 91.5 226 8.796532347

700 644 92.0 343 10.161102243

700 630 90.0 958 9.724588466

384 312 81.25 26 4.875159854

162 143 88.27160493827161 16 2.037250392

2058 1595 77.50242954324587 476 25.658576241

