1132 892 78.79858657243817 63 6.097260584

996 794 79.71887550200803 161 5.378173912

92 86 93.47826086956522 276 1.043299821

840 640 76.19047619047619 1 4.68487842

400 309 77.25 1 2.591565671

1000 913 91.3 966 9.437474492

1000 916 91.60000000000001 41 9.421435806

900 870 96.66666666666667 415 7.803833617

1000 917 91.7 107 9.865930655

900 874 97.11111111111111 444 8.156588548

900 874 97.11111111111111 655 7.453571585

900 894 99.33333333333333 314 6.8486777

900 892 99.11111111111111 355 7.122137947

900 894 99.33333333333333 935 7.119838151

1260 1025 81.34920634920636 958 8.262736677

1260 1022 81.11111111111111 785 8.556937978

1260 1014 80.47619047619048 508 7.948194046

1258 1008 80.12718600953896 617 8.141361309

1258 1029 81.79650238473768 912 8.58767097

1200 998 83.16666666666667 167 8.732473233

1200 998 83.16666666666667 415 8.294068615

1300 1088 83.6923076923077 329 9.116559335

1300 1065 81.92307692307692 942 9.165908203

1200 1005 83.75 648 9.315890511

1200 993 82.75 130 9.047060089

800 747 93.375 499 5.855966417

800 758 94.75 303 6.317716147

800 755 94.375 442 5.962120715

800 751 93.875 488 6.75334154

900 848 94.22222222222221 120 6.683200386

900 836 92.88888888888889 111 6.954328365

800 753 94.125 153 6.056505487

800 747 93.375 612 6.401778411

800 744 93.0 591 5.901288979

800 758 94.75 955 6.598784593

900 843 93.66666666666667 266 6.942716753

900 844 93.77777777777779 62 7.203144595

900 844 93.77777777777779 46 6.877511534

600 575 95.83333333333334 623 5.027898288

900 849 94.33333333333334 592 7.056078799

700 666 95.14285714285714 605 5.49151421

600 568 94.66666666666667 432 4.996666581

600 569 94.83333333333334 56 5.054720246

700 666 95.14285714285714 172 5.411997053

700 659 94.14285714285714 356 5.352429813

384 324 84.375 464 3.104294406

162 145 89.50617283950618 299 1.309667236

2058 1655 80.41788143828961 495 15.767113466

