1132 891 78.71024734982332 65 6.498012089

996 796 79.91967871485943 856 5.544572664

92 88 95.65217391304348 784 1.08832782

840 634 75.47619047619048 1 4.866312896

400 309 77.25 2 2.555305655

1000 924 92.4 714 9.427531005

1000 922 92.2 204 8.974619467

900 866 96.22222222222221 128 7.454308557

1000 926 92.60000000000001 758 9.315890967

900 881 97.88888888888889 174 7.213798289

900 884 98.22222222222223 373 7.141256195

900 897 99.66666666666667 565 6.876851517

900 898 99.77777777777777 154 6.948940342

900 898 99.77777777777777 331 7.030946207

1260 1034 82.06349206349206 551 8.113030477

1260 1045 82.93650793650794 756 7.928401959

1260 1032 81.9047619047619 938 7.820468769

1258 1029 81.79650238473768 401 7.899075488

1258 1031 81.95548489666137 706 8.108018398

1200 997 83.08333333333333 371 8.896999112

1200 1018 84.83333333333334 993 8.299134998

1300 1081 83.15384615384616 218 9.308097334

1300 1080 83.07692307692308 315 9.689213824

1200 1009 84.08333333333333 125 8.954000603

1200 1012 84.33333333333334 568 8.876239172

800 753 94.125 435 6.137784645

800 753 94.125 102 6.037243033

800 757 94.625 502 6.249085425

800 755 94.375 930 6.286286989

900 848 94.22222222222221 202 6.712373772

900 844 93.77777777777779 427 7.196932596

800 755 94.375 646 6.105494814

800 756 94.5 833 6.252614728

800 756 94.5 810 5.966723305

800 754 94.25 958 6.011000732

900 847 94.11111111111111 138 6.756389287

900 851 94.55555555555556 272 6.700903171

900 849 94.33333333333334 727 6.440416684

600 575 95.83333333333334 689 5.35658113

900 849 94.33333333333334 860 6.600461508

700 668 95.42857142857143 739 5.719283485

600 571 95.16666666666667 225 4.85104021

600 576 96.0 341 5.459444473

700 670 95.71428571428572 223 5.825935881

700 666 95.14285714285714 43 5.357934242

384 332 86.45833333333334 232 2.786528566

162 143 88.27160493827161 17 1.276913976

2058 1659 80.61224489795919 684 15.180820228

