1132 893 78.886925795053 231 11.793070972

996 795 79.81927710843374 268 9.684165981

92 88 95.65217391304348 193 1.712924447

840 640 76.19047619047619 1 8.259238273

400 303 75.75 2 4.49103506

1000 917 91.7 703 16.428336041

1000 919 91.9 959 16.075889537

900 879 97.66666666666667 241 12.53749227

1000 910 91.0 627 15.887389178

900 872 96.88888888888889 253 13.703757742

900 873 97.0 788 12.856199118

900 896 99.55555555555556 180 12.017706298

900 898 99.77777777777777 854 12.49127901

900 896 99.55555555555556 771 12.525194425

1260 1032 81.9047619047619 708 13.818450668

1260 1022 81.11111111111111 933 13.695514751

1260 1023 81.19047619047619 675 14.38684712

1258 1024 81.39904610492846 660 14.053573874

1258 1033 82.11446740858506 609 13.710489574

1200 1001 83.41666666666666 223 14.30812308

1200 1008 84.0 292 14.660133043

1300 1089 83.76923076923077 59 16.350747875

1300 1078 82.92307692307692 25 16.255244101

1200 1008 84.0 749 15.192038601

1200 992 82.66666666666667 104 16.092288187

800 758 94.75 375 9.934522215

800 755 94.375 52 10.36933181

800 754 94.25 387 9.938256836

800 758 94.75 135 10.147914413

900 854 94.88888888888889 770 11.212196457

900 847 94.11111111111111 381 11.783916206

800 749 93.625 209 10.462641008

800 750 93.75 235 10.61917808

800 751 93.875 24 10.662987208

800 752 94.0 235 10.077144491

900 852 94.66666666666667 640 11.987096764

900 850 94.44444444444444 188 12.127683179

900 848 94.22222222222221 172 11.354159989

600 573 95.5 469 8.606030342

900 851 94.55555555555556 607 12.088860983

700 667 95.28571428571428 359 10.059208922

600 562 93.66666666666667 660 8.154781864

600 573 95.5 953 8.373226017

700 661 94.42857142857143 105 9.892931201

700 665 95.0 350 9.559756871

384 334 86.97916666666666 428 5.34702534

162 145 89.50617283950618 375 2.055635162

2058 1649 80.12633624878522 174 26.636337482

