1132 892 78.79858657243817 34 6.050672635

996 795 79.81927710843374 389 5.531401649

92 88 95.65217391304348 352 1.203143477

840 638 75.95238095238095 1 4.698152375

400 310 77.5 1 2.5820507

1000 922 92.2 997 9.427572544

1000 919 91.9 207 9.040660157

900 878 97.55555555555556 443 7.133788469

1000 919 91.9 117 9.306599805

900 870 96.66666666666667 148 7.355052695

900 877 97.44444444444444 456 7.183135761

900 894 99.33333333333333 160 6.877871999

900 896 99.55555555555556 265 6.88579701

900 892 99.11111111111111 220 7.030154881

1260 1023 81.19047619047619 115 8.037357872

1260 1026 81.42857142857143 442 8.350602508

1260 1019 80.87301587301587 220 8.156478525

1258 1028 81.71701112877582 514 8.335372088

1258 1021 81.16057233704292 574 8.238491311

1200 1008 84.0 508 8.828336161

1200 1001 83.41666666666666 244 8.515734404

1300 1089 83.76923076923077 885 9.078363826

1300 1078 82.92307692307692 717 9.084167101

1200 1010 84.16666666666667 273 8.855916791

1200 1003 83.58333333333333 961 8.794599724

800 756 94.5 122 6.512124361

800 754 94.25 378 5.885265291

800 755 94.375 465 5.908410049

800 754 94.25 628 6.003150042

900 851 94.55555555555556 820 6.655645099

900 848 94.22222222222221 522 6.512962258

800 756 94.5 418 5.890537708

800 762 95.25 753 6.001432511

800 751 93.875 618 6.296500515

800 753 94.125 717 6.196245555

900 847 94.11111111111111 801 7.04504751

900 850 94.44444444444444 257 6.669795407

900 850 94.44444444444444 194 6.614740159

600 571 95.16666666666667 681 5.121639257

900 853 94.77777777777779 405 6.591181485

700 667 95.28571428571428 556 5.640226397

600 573 95.5 483 4.897069524

600 569 94.83333333333334 140 5.310899163

700 670 95.71428571428572 750 5.711471506

700 661 94.42857142857143 279 5.590957446

384 332 86.45833333333334 178 2.899919586

162 145 89.50617283950618 5 1.250160908

2058 1661 80.70942662779397 532 15.375157195

