1132 894 78.97526501766784 77 6.28398686

996 796 79.91967871485943 214 5.497569071

92 88 95.65217391304348 477 1.057682056

840 640 76.19047619047619 1 5.169119597

400 310 77.5 1 2.646331622

1000 929 92.9 285 9.036819423

1000 935 93.5 730 9.043063812

900 880 97.77777777777777 333 7.146161677

1000 923 92.30000000000001 139 9.278711198

900 879 97.66666666666667 184 7.666998712

900 885 98.33333333333333 250 7.308801599

900 897 99.66666666666667 31 7.409039006

900 898 99.77777777777777 92 6.963008563

900 899 99.8888888888889 320 7.482179056

1260 1049 83.25396825396825 495 7.776798116

1260 1027 81.5079365079365 379 7.903632065

1260 1044 82.85714285714286 421 7.860003841

1258 1037 82.43243243243244 293 7.889883704

1258 1052 83.6248012718601 852 7.813812318

1200 1006 83.83333333333334 850 8.542275274

1200 1021 85.08333333333333 597 8.40522989

1300 1099 84.53846153846155 472 9.327471821

1300 1089 83.76923076923077 157 9.085871317

1200 1028 85.66666666666667 218 8.582703847

1200 1019 84.91666666666666 457 8.715500681

800 753 94.125 211 5.811170308

800 757 94.625 242 6.292734664

800 757 94.625 275 6.099316752

800 759 94.875 663 6.125506067

900 856 95.11111111111111 724 6.649861623

900 849 94.33333333333334 714 6.84448174

800 761 95.125 562 5.840064704

800 763 95.375 629 6.0960196

800 752 94.0 615 5.882455858

800 760 95.0 641 5.871104339

900 850 94.44444444444444 916 6.620759334

900 854 94.88888888888889 465 7.064365266

900 843 93.66666666666667 729 6.465393572

600 577 96.16666666666667 393 5.28258783

900 861 95.66666666666667 396 6.687870757

700 670 95.71428571428572 607 5.394698847

600 573 95.5 968 4.672220517

600 580 96.66666666666667 770 5.023437831

700 674 96.28571428571429 264 5.798806172

700 672 96.0 926 5.795866353

384 342 89.0625 665 3.368162815

162 143 88.27160493827161 223 1.32578875

2058 1646 79.98056365403305 807 16.507461492

