1132 894 78.97526501766784 56 15.703717294

996 796 79.91967871485943 45 14.088092617

92 88 95.65217391304348 106 2.00917275

840 638 75.95238095238095 1 11.624463275

400 310 77.5 1 5.950835859

1000 933 93.30000000000001 411 21.475020853

1000 933 93.30000000000001 550 22.445407364

900 889 98.77777777777777 438 17.950762882

1000 935 93.5 128 22.599169861

900 880 97.77777777777777 572 18.062666605

900 886 98.44444444444444 133 17.788134326

900 896 99.55555555555556 54 17.797111719

900 899 99.8888888888889 226 17.269200759

900 898 99.77777777777777 369 17.459320088

1260 1068 84.76190476190476 701 20.022124281

1260 1072 85.07936507936508 999 20.206212337

1260 1048 83.17460317460318 492 20.235089696

1258 1058 84.10174880763115 670 19.507590468

1258 1058 84.10174880763115 956 20.828183716

1200 1017 84.75 553 21.784804795

1200 1029 85.75 824 20.138940647

1300 1103 84.84615384615385 606 23.048140582

1300 1107 85.15384615384616 318 23.722999261

1200 1029 85.75 180 22.088854125

1200 1021 85.08333333333333 320 21.133933237

800 764 95.5 980 14.321614499

800 764 95.5 333 14.692116619

800 760 95.0 292 14.232980886

800 761 95.125 295 14.744862282

900 855 95.0 73 16.912363996

900 850 94.44444444444444 220 17.463261037

800 764 95.5 350 14.571867528

800 767 95.875 744 14.268224002

800 760 95.0 904 14.294675326

800 761 95.125 800 14.004272012

900 855 95.0 936 16.623142232

900 856 95.11111111111111 806 17.209090032

900 854 94.88888888888889 267 16.752890981

600 580 96.66666666666667 718 12.46006307

900 863 95.88888888888889 137 16.060123431

700 673 96.14285714285714 803 12.85925682

600 577 96.16666666666667 964 12.563823635

600 578 96.33333333333334 913 12.275057673

700 677 96.71428571428572 834 12.784907235

700 672 96.0 562 13.301526287

384 339 88.28125 68 6.684156147

162 145 89.50617283950618 70 2.885819772

2058 1695 82.36151603498543 989 35.98809737

