1132 892 78.79858657243817 30 15.241595025

996 796 79.91967871485943 43 13.060521052

92 88 95.65217391304348 301 2.144770315

840 640 76.19047619047619 1 11.275214285

400 310 77.5 1 6.516093721

1000 925 92.5 65 21.86068041

1000 927 92.7 790 22.158418486

900 874 97.11111111111111 612 17.328827922

1000 928 92.80000000000001 177 22.108203121

900 872 96.88888888888889 359 17.442818088

900 878 97.55555555555556 652 17.653033218

900 898 99.77777777777777 191 16.432570262

900 898 99.77777777777777 339 17.449252015

900 895 99.44444444444444 314 16.786985963

1260 1038 82.38095238095238 627 18.893859387

1260 1048 83.17460317460318 142 19.777184339

1260 1035 82.14285714285714 327 19.015243152

1258 1037 82.43243243243244 432 18.766611989

1258 1033 82.11446740858506 897 18.651651616

1200 1007 83.91666666666666 257 20.172941123

1200 1015 84.58333333333333 194 20.256352249

1300 1086 83.53846153846153 400 22.412014977

1300 1087 83.61538461538461 544 22.467414943

1200 1005 83.75 497 21.358537894

1200 1006 83.83333333333334 757 21.265108185

800 760 95.0 200 13.91737002

800 762 95.25 992 14.555056604

800 755 94.375 189 14.191135331

800 756 94.5 53 13.990318479

900 855 95.0 898 15.869670946

900 847 94.11111111111111 428 16.106703801

800 763 95.375 708 14.763468938

800 760 95.0 677 14.695294059

800 756 94.5 814 14.217283079

800 756 94.5 673 14.153171693

900 849 94.33333333333334 914 15.935250478

900 851 94.55555555555556 245 16.034723518

900 856 95.11111111111111 188 16.88941772

600 574 95.66666666666667 331 12.385676164

900 861 95.66666666666667 671 16.034574151

700 667 95.28571428571428 541 12.887286773

600 575 95.83333333333334 411 11.969422261

600 580 96.66666666666667 293 11.778836156

700 668 95.42857142857143 900 13.28120446

700 669 95.57142857142857 99 13.528158299

384 338 88.02083333333334 24 6.974140207

162 145 89.50617283950618 218 2.706232711

2058 1665 80.90379008746356 372 35.995673763

