1132 891 78.71024734982332 14 15.82208071

996 796 79.91967871485943 28 13.397510614

92 88 95.65217391304348 91 2.150036418

840 640 76.19047619047619 1 11.155899825

400 310 77.5 1 5.942587498

1000 924 92.4 554 21.797319247

1000 932 93.2 657 21.788804825

900 882 98.0 107 17.446604703

1000 924 92.4 718 23.34208674

900 874 97.11111111111111 267 18.219673099

900 879 97.66666666666667 978 18.004571299

900 898 99.77777777777777 116 16.989652983

900 896 99.55555555555556 259 17.227207985

900 897 99.66666666666667 90 16.810217634

1260 1038 82.38095238095238 653 18.938826698

1260 1044 82.85714285714286 564 19.045996707

1260 1040 82.53968253968253 160 19.259857385

1258 1039 82.59141494435612 328 18.95041189

1258 1043 82.9093799682035 414 19.873666461

1200 1003 83.58333333333333 268 20.177692482

1200 1015 84.58333333333333 669 20.607235435

1300 1078 82.92307692307692 939 22.177577036

1300 1075 82.6923076923077 309 22.011813383

1200 1017 84.75 138 21.194361156

1200 1016 84.66666666666667 971 21.020493575

800 763 95.375 521 14.202634917

800 759 94.875 309 14.77827416

800 763 95.375 585 14.382572629

800 759 94.875 277 14.740052079

900 855 95.0 167 16.22409373

900 852 94.66666666666667 33 16.624829032

800 763 95.375 246 14.370633398

800 766 95.75 303 14.272595649

800 760 95.0 192 14.745668771

800 759 94.875 346 14.315789287

900 852 94.66666666666667 992 16.171163866

900 853 94.77777777777779 835 16.054780958

900 860 95.55555555555556 205 16.259401017

600 575 95.83333333333334 344 11.826406855

900 857 95.22222222222221 383 16.069697494

700 669 95.57142857142857 201 12.847308847

600 574 95.66666666666667 334 11.699052895

600 578 96.33333333333334 193 11.963612854

700 671 95.85714285714285 276 12.920187555

700 672 96.0 102 13.207210177

384 340 88.54166666666666 747 6.66811101

162 145 89.50617283950618 99 2.732524286

2058 1653 80.32069970845481 752 36.531193252

