1132 893 78.886925795053 199 10.653893077

996 788 79.11646586345381 68 9.616584292

92 86 93.47826086956522 138 1.687367939

840 638 75.95238095238095 1 8.545503677

400 306 76.5 1 4.704084388

1000 921 92.10000000000001 448 15.326992947

1000 918 91.8 187 16.008202186

900 874 97.11111111111111 516 12.369779104

1000 914 91.4 333 17.081722723

900 874 97.11111111111111 329 12.830222762

900 872 96.88888888888889 234 13.169482696

900 894 99.33333333333333 687 12.176795259

900 892 99.11111111111111 98 12.156153761

900 894 99.33333333333333 111 12.014460687

1260 996 79.04761904761905 476 13.530643632

1260 1024 81.26984126984127 836 13.258295978

1260 1018 80.7936507936508 865 13.455037197

1258 1013 80.52464228934817 354 14.001458882

1258 1020 81.08108108108108 39 13.50909727

1200 991 82.58333333333333 618 14.747806215

1200 1004 83.66666666666667 548 15.480392791

1300 1081 83.15384615384616 816 15.945264793

1300 1080 83.07692307692308 392 15.798139266

1200 1003 83.58333333333333 550 15.243267174

1200 995 82.91666666666667 541 15.684814648

800 754 94.25 472 10.669782518

800 759 94.875 439 10.727459815

800 746 93.25 303 10.024387856

800 747 93.375 357 10.436851659

900 835 92.77777777777779 29 11.904965981

900 838 93.11111111111111 870 12.131148145

800 758 94.75 220 10.561677556

800 752 94.0 266 10.378079365

800 747 93.375 506 10.605912624

800 752 94.0 64 10.397438778

900 843 93.66666666666667 286 12.669275673

900 843 93.66666666666667 565 11.502404502

900 840 93.33333333333333 240 11.970519905

600 571 95.16666666666667 259 9.453686253

900 848 94.22222222222221 239 11.401213932

700 660 94.28571428571428 149 9.523052377

600 567 94.5 284 8.263622919

600 571 95.16666666666667 66 8.643198959

700 663 94.71428571428572 348 9.370030611

700 665 95.0 304 9.440601101

384 328 85.41666666666666 926 4.918225855

162 143 88.27160493827161 10 2.118228819

2058 1611 78.2798833819242 687 27.068237348

