1132 893 78.886925795053 229 6.125913292

996 795 79.81927710843374 32 5.458955263

92 86 93.47826086956522 138 1.099259737

840 636 75.71428571428571 1 4.950406082

400 309 77.25 1 2.799455867

1000 920 92.0 156 9.03965962

1000 927 92.7 29 9.154012255

900 877 97.44444444444444 533 7.678330682

1000 919 91.9 482 9.305255103

900 882 98.0 359 7.119032955

900 875 97.22222222222221 973 7.401638944

900 894 99.33333333333333 711 6.919313604

900 895 99.44444444444444 29 6.974751086

900 893 99.22222222222223 414 6.864443771

1260 1040 82.53968253968253 461 7.690402677

1260 1029 81.66666666666667 510 7.717792961

1260 1033 81.98412698412699 940 7.94612665

1258 1044 82.98887122416534 578 8.130082294

1258 1048 83.30683624801271 464 7.90516998

1200 1008 84.0 819 8.5446564

1200 1023 85.25 784 8.195748079

1300 1082 83.23076923076923 938 8.997004442

1300 1087 83.61538461538461 418 9.267048087

1200 1007 83.91666666666666 536 8.741475357

1200 1007 83.91666666666666 879 8.68648203

800 752 94.0 864 5.944616998

800 756 94.5 493 5.88309084

800 760 95.0 307 5.986542332

800 751 93.875 521 5.913549805

900 851 94.55555555555556 641 6.558218888

900 845 93.88888888888889 476 6.698642912

800 752 94.0 718 6.058163548

800 759 94.875 271 6.044229852

800 749 93.625 531 6.02621462

800 756 94.5 639 5.783371352

900 844 93.77777777777779 366 6.595359665

900 848 94.22222222222221 254 7.112398737

900 855 95.0 472 6.578986883

600 578 96.33333333333334 710 5.371035572

900 852 94.66666666666667 148 6.978577835

700 668 95.42857142857143 127 5.295142974

600 572 95.33333333333334 321 5.07860306

600 568 94.66666666666667 386 5.03704977

700 669 95.57142857142857 271 5.983280535

700 666 95.14285714285714 164 5.659271532

384 338 88.02083333333334 427 3.177941376

162 143 88.27160493827161 9 1.563947204

2058 1647 80.02915451895043 538 15.628966034

