1132 893 78.886925795053 302 6.063022204

996 792 79.51807228915662 22 5.818998924

92 87 94.56521739130434 85 1.011489254

840 640 76.19047619047619 1 5.038958953

400 310 77.5 2 2.541347495

1000 921 92.10000000000001 871 9.636667146

1000 919 91.9 531 9.975704452

900 873 97.0 230 7.54949252

1000 921 92.10000000000001 188 9.087262453

900 876 97.33333333333334 505 7.112788353

900 874 97.11111111111111 511 7.135949666

900 893 99.22222222222223 185 7.00210043

900 895 99.44444444444444 403 7.014137654

900 893 99.22222222222223 433 7.031809751

1260 1017 80.71428571428572 913 7.954561808

1260 1006 79.84126984126985 659 8.33760872

1260 1014 80.47619047619048 132 7.647776214

1258 1016 80.7631160572337 146 8.145216958

1258 1021 81.16057233704292 160 7.914010905

1200 1001 83.41666666666666 517 8.704474015

1200 1002 83.5 371 8.975054098

1300 1069 82.23076923076923 342 9.610424383

1300 1070 82.3076923076923 296 9.390668108

1200 1007 83.91666666666666 652 9.723235831

1200 981 81.75 457 8.722489267

800 748 93.5 693 6.104156953

800 757 94.625 147 5.908679549

800 752 94.0 359 6.052229829

800 746 93.25 188 5.941525275

900 839 93.22222222222221 567 7.132379635

900 840 93.33333333333333 26 6.714092099

800 752 94.0 667 5.886796937

800 756 94.5 671 5.937887981

800 746 93.25 359 6.096009156

800 748 93.5 407 6.274873898

900 841 93.44444444444444 285 6.903260708

900 843 93.66666666666667 621 7.025319453

900 847 94.11111111111111 75 7.065931089

600 565 94.16666666666667 926 4.911438523

900 843 93.66666666666667 346 6.943993682

700 659 94.14285714285714 747 5.378564588

600 572 95.33333333333334 205 4.781971444

600 571 95.16666666666667 226 4.993913249

700 665 95.0 598 5.478310358

700 661 94.42857142857143 662 5.514092197

384 326 84.89583333333334 284 3.296536083

162 143 88.27160493827161 407 1.306014836

2058 1639 79.64042759961127 642 15.678573574

