1132 883 78.00353356890459 528 10.401456267

996 790 79.31726907630522 169 10.261799105

92 84 91.30434782608695 186 1.49177863

840 640 76.19047619047619 1 8.170303887

400 310 77.5 1 4.468940662

1000 915 91.5 207 15.976368033

1000 913 91.3 856 15.499716305

900 874 97.11111111111111 106 12.681967487

1000 920 92.0 957 15.506956445

900 872 96.88888888888889 736 12.599424804

900 878 97.55555555555556 959 12.321360943

900 896 99.55555555555556 388 12.159049266

900 895 99.44444444444444 307 12.059966868

900 894 99.33333333333333 620 11.98665905

1260 1027 81.5079365079365 186 13.944488685

1260 997 79.12698412698413 323 13.992484515

1260 1016 80.63492063492063 71 13.550923474

1258 1013 80.52464228934817 182 14.060651152

1258 1010 80.28616852146264 74 13.987064388

1200 1001 83.41666666666666 652 14.295448685

1200 1010 84.16666666666667 756 14.502358721

1300 1064 81.84615384615384 164 15.678695573

1300 1063 81.76923076923077 378 15.610266599

1200 992 82.66666666666667 414 14.835736274

1200 983 81.91666666666667 844 16.233685843

800 745 93.125 957 10.046519593

800 753 94.125 177 10.880429667

800 745 93.125 460 9.864360057

800 749 93.625 548 10.190349095

900 851 94.55555555555556 947 11.243494855

900 849 94.33333333333334 389 11.136236472

800 750 93.75 701 10.679031125

800 756 94.5 889 9.982212753

800 750 93.75 609 10.529242729

800 753 94.125 404 10.452166503

900 847 94.11111111111111 105 11.446952265

900 849 94.33333333333334 74 11.607958648

900 842 93.55555555555556 213 11.230536591

600 575 95.83333333333334 371 8.550823117

900 842 93.55555555555556 840 11.543103129

700 668 95.42857142857143 81 9.237897782

600 565 94.16666666666667 563 8.438567656

600 566 94.33333333333334 164 8.535642735

700 663 94.71428571428572 304 9.526585817

700 654 93.42857142857143 114 9.795029732

384 338 88.02083333333334 777 4.772450077

162 145 89.50617283950618 169 2.231568026

2058 1629 79.1545189504373 56 25.477507641

