1132 894 78.97526501766784 82 16.36482204

996 796 79.91967871485943 13 14.167689277

92 88 95.65217391304348 325 2.05864766

840 638 75.95238095238095 1 12.139352269

400 310 77.5 1 5.9246529

1000 936 93.60000000000001 939 21.682895552

1000 933 93.30000000000001 538 21.622714332

900 888 98.66666666666667 764 17.582943305

1000 937 93.7 365 21.791244318

900 881 97.88888888888889 258 17.353440478

900 886 98.44444444444444 961 18.184261522

900 898 99.77777777777777 187 16.706722276

900 899 99.8888888888889 489 17.140494884

900 898 99.77777777777777 452 17.844247115

1260 1054 83.65079365079366 854 20.113119079

1260 1061 84.2063492063492 330 19.042734977

1260 1041 82.61904761904762 710 19.347100026

1258 1054 83.78378378378379 431 19.060149479

1258 1036 82.35294117647058 625 19.138439943

1200 1013 84.41666666666666 348 21.221450046

1200 1022 85.16666666666667 528 21.159080668

1300 1102 84.76923076923077 653 23.260720602

1300 1096 84.3076923076923 737 23.078756557

1200 1027 85.58333333333333 370 22.071069773

1200 1017 84.75 324 22.154989571

800 758 94.75 220 14.275154925

800 760 95.0 287 14.966684058

800 762 95.25 435 14.752618663

800 760 95.0 617 14.577270042

900 854 94.88888888888889 218 16.152231909

900 847 94.11111111111111 389 16.073698794

800 759 94.875 251 14.340698735

800 761 95.125 520 14.54062318

800 762 95.25 804 14.398007198

800 759 94.875 469 14.519554179

900 846 94.0 757 16.533928184

900 854 94.88888888888889 315 16.51576396

900 856 95.11111111111111 366 16.058479852

600 580 96.66666666666667 372 11.93376252

900 861 95.66666666666667 957 16.647421071

700 670 95.71428571428572 289 12.978179714

600 577 96.16666666666667 663 13.152642652

600 577 96.16666666666667 260 12.008181441

700 672 96.0 484 13.357082238

700 674 96.28571428571429 541 13.95532512

384 340 88.54166666666666 218 6.68357106

162 145 89.50617283950618 65 2.746381498

2058 1669 81.09815354713314 407 35.899145993

