1132 892 78.79858657243817 526 14.57046905

996 794 79.71887550200803 12 13.34225585

92 87 94.56521739130434 23 2.249182279

840 640 76.19047619047619 1 11.496307761

400 307 76.75 1 5.925106955

1000 932 93.2 582 21.777404846

1000 902 90.2 83 21.543250494

900 873 97.0 271 18.113524993

1000 917 91.7 170 22.717597762

900 865 96.11111111111111 41 17.431477709

900 877 97.44444444444444 452 17.77687048

900 893 99.22222222222223 778 16.902935612

900 894 99.33333333333333 168 16.956416012

900 896 99.55555555555556 326 16.855408752

1260 1005 79.76190476190477 173 19.509302078

1260 1016 80.63492063492063 706 19.083085325

1260 1017 80.71428571428572 282 19.500915018

1258 1019 81.00158982511924 484 18.837205316

1258 1034 82.1939586645469 562 20.466327953

1200 987 82.25 132 20.857989015

1200 1013 84.41666666666666 503 21.104703684

1300 1075 82.6923076923077 854 22.496050165

1300 1078 82.92307692307692 206 22.523400401

1200 1002 83.5 584 21.583991489

1200 997 83.08333333333333 92 21.249669092

800 754 94.25 424 14.309772557

800 755 94.375 935 14.864658855

800 738 92.25 283 14.34660305

800 744 93.0 674 14.414175115

900 851 94.55555555555556 709 16.172475075

900 844 93.77777777777779 566 16.100536368

800 762 95.25 455 15.296575925

800 746 93.25 814 14.883522763

800 754 94.25 141 14.311975109

800 750 93.75 530 14.593947708

900 840 93.33333333333333 870 16.095279515

900 846 94.0 445 16.088441023

900 849 94.33333333333334 110 16.357847161

600 571 95.16666666666667 136 11.874855007

900 851 94.55555555555556 62 16.084555116

700 664 94.85714285714286 287 13.313755749

600 569 94.83333333333334 658 11.373633161

600 568 94.66666666666667 372 12.331382318

700 665 95.0 463 13.586830946

700 657 93.85714285714286 184 12.820943654

384 326 84.89583333333334 361 7.404842122

162 145 89.50617283950618 5 2.789767817

2058 1647 80.02915451895043 86 37.543486774

