1132 894 78.97526501766784 202 11.546134417

996 796 79.91967871485943 122 9.392899569

92 88 95.65217391304348 408 1.929044933

840 640 76.19047619047619 1 7.8871331

400 310 77.5 1 4.24003767

1000 927 92.7 776 16.359449462

1000 920 92.0 739 16.281987337

900 879 97.66666666666667 109 13.142773054

1000 924 92.4 593 16.124281621

900 882 98.0 569 12.617473547

900 881 97.88888888888889 177 12.479262262

900 896 99.55555555555556 121 12.680699281

900 898 99.77777777777777 91 12.249329821

900 896 99.55555555555556 851 12.191164177

1260 1034 82.06349206349206 280 13.73601575

1260 1037 82.3015873015873 166 13.922866686

1260 1026 81.42857142857143 20 13.638596815

1258 1040 82.67090620031796 890 13.285686004

1258 1035 82.27344992050874 822 13.990565015

1200 1009 84.08333333333333 791 14.524925305

1200 1013 84.41666666666666 966 14.269120026

1300 1095 84.23076923076923 678 15.878368494

1300 1083 83.3076923076923 430 15.844795803

1200 1009 84.08333333333333 837 15.163943067

1200 1004 83.66666666666667 86 15.09579071

800 762 95.25 411 9.853385891

800 761 95.125 497 10.03149491

800 757 94.625 104 10.566159559

800 754 94.25 986 10.367029519

900 856 95.11111111111111 523 11.537307133

900 852 94.66666666666667 442 11.888865397

800 763 95.375 181 9.982518797

800 763 95.375 289 10.122916121

800 759 94.875 999 10.017346267

800 757 94.625 526 10.087753081

900 855 95.0 191 11.303871998

900 851 94.55555555555556 128 11.462159163

900 855 95.0 82 11.663033732

600 575 95.83333333333334 349 9.136053316

900 855 95.0 436 12.290130929

700 670 95.71428571428572 43 10.240054272

600 574 95.66666666666667 335 8.567633824

600 575 95.83333333333334 296 8.530866886

700 673 96.14285714285714 474 10.055923746

700 669 95.57142857142857 454 9.525620955

384 340 88.54166666666666 815 4.799382821

162 145 89.50617283950618 5 2.154404135

2058 1657 80.51506316812439 51 25.536887643

