1132 891 78.71024734982332 386 15.158263129

996 796 79.91967871485943 60 13.44452616

92 88 95.65217391304348 41 2.167863881

840 638 75.95238095238095 1 11.18061301

400 310 77.5 1 6.115981516

1000 915 91.5 45 21.912918323

1000 916 91.60000000000001 423 21.771888404

900 878 97.55555555555556 483 17.306700591

1000 915 91.5 963 21.911100278

900 878 97.55555555555556 251 17.453278402

900 877 97.44444444444444 204 17.424241895

900 896 99.55555555555556 178 17.315015

900 895 99.44444444444444 90 17.274252736

900 894 99.33333333333333 529 16.695461104

1260 1041 82.61904761904762 975 19.028181154

1260 1024 81.26984126984127 865 18.854360094

1260 1021 81.03174603174604 624 19.025602801

1258 1018 80.9220985691574 270 18.844569457

1258 1024 81.39904610492846 730 18.951793024

1200 995 82.91666666666667 201 20.085111377

1200 1008 84.0 395 20.599319733

1300 1078 82.92307692307692 344 22.423005903

1300 1073 82.53846153846153 593 22.447041762

1200 1002 83.5 431 21.081422175

1200 987 82.25 370 20.895309784

800 759 94.875 385 13.887748206

800 749 93.625 435 14.41231354

800 755 94.375 230 14.576630569

800 756 94.5 566 14.796252098

900 847 94.11111111111111 63 16.130397795

900 842 93.55555555555556 521 16.124532267

800 743 92.875 109 15.046934359

800 753 94.125 511 14.580846986

800 749 93.625 834 14.369047672

800 754 94.25 71 14.359993727

900 845 93.88888888888889 659 16.09356522

900 840 93.33333333333333 641 16.3729013

900 843 93.66666666666667 405 16.123162465

600 569 94.83333333333334 861 12.16004368

900 847 94.11111111111111 458 16.142205306

700 660 94.28571428571428 349 12.969684477

600 568 94.66666666666667 864 11.725340303

600 568 94.66666666666667 691 12.013692052

700 668 95.42857142857143 684 13.026175542

700 658 94.0 752 13.372973194

384 336 87.5 890 6.84784628

162 145 89.50617283950618 6 2.796909266

2058 1635 79.44606413994168 201 35.668148738

