1132 894 78.97526501766784 334 15.300268429

996 792 79.51807228915662 18 13.026719562

92 88 95.65217391304348 548 1.994522919

840 636 75.71428571428571 1 11.526532224

400 310 77.5 1 5.94889095

1000 921 92.10000000000001 327 22.014206292

1000 920 92.0 605 21.949458098

900 880 97.77777777777777 624 17.44116155

1000 922 92.2 253 23.129375243

900 883 98.11111111111111 925 18.281058299

900 879 97.66666666666667 108 17.740197241

900 899 99.8888888888889 364 16.740757005

900 900 100.0 776 17.296633274

900 898 99.77777777777777 312 17.049596117

1260 1037 82.3015873015873 700 20.247159074

1260 1051 83.41269841269842 66 20.335667739

1260 1031 81.82539682539682 836 19.151245484

1258 1042 82.82988871224165 775 18.629904688

1258 1042 82.82988871224165 890 19.179976037

1200 1009 84.08333333333333 542 23.213450694

1200 1015 84.58333333333333 369 20.266220054

1300 1092 84.0 547 22.079891196

1300 1085 83.46153846153847 178 22.344346994

1200 1009 84.08333333333333 381 22.619269119

1200 1013 84.41666666666666 399 21.522082502

800 759 94.875 837 14.654047879

800 757 94.625 512 14.472526605

800 761 95.125 448 14.72018502

800 759 94.875 169 14.78783042

900 852 94.66666666666667 54 16.270698452

900 848 94.22222222222221 962 16.065397984

800 759 94.875 879 14.628558593

800 760 95.0 676 14.981391218

800 748 93.5 449 14.674435826

800 760 95.0 652 15.238723018

900 850 94.44444444444444 948 16.884544724

900 853 94.77777777777779 548 17.36921789

900 852 94.66666666666667 161 16.147905088

600 578 96.33333333333334 395 11.798874946

900 860 95.55555555555556 405 15.945415314

700 675 96.42857142857143 394 12.901833146

600 574 95.66666666666667 999 11.917324232

600 576 96.0 404 12.404742541

700 670 95.71428571428572 747 12.911201448

700 665 95.0 125 13.239541046

384 342 89.0625 177 6.97072368

162 145 89.50617283950618 12 2.992654634

2058 1634 79.3974732750243 399 35.902721951

