1132 893 78.886925795053 21 14.770541944

996 793 79.61847389558233 33 14.193442171

92 88 95.65217391304348 58 2.166529939

840 638 75.95238095238095 1 11.546760457

400 310 77.5 1 6.055787089

1000 933 93.30000000000001 884 21.847761087

1000 928 92.80000000000001 236 22.084387814

900 886 98.44444444444444 687 18.170972133

1000 935 93.5 539 22.330359387

900 882 98.0 95 17.402556119

900 889 98.77777777777777 107 17.645083678

900 897 99.66666666666667 31 17.65594895

900 899 99.8888888888889 223 16.952401753

900 897 99.66666666666667 74 16.696380577

1260 1067 84.68253968253968 881 18.566415161

1260 1036 82.22222222222221 542 19.131917842

1260 1050 83.33333333333334 915 19.096430475

1258 1055 83.86327503974563 169 19.414406353

1258 1051 83.54531001589825 345 19.412669827

1200 1012 84.33333333333334 785 20.409779188

1200 1020 85.0 688 20.479784115

1300 1100 84.61538461538461 380 22.156684727

1300 1090 83.84615384615385 220 22.335385357

1200 1017 84.75 214 21.225613286

1200 1018 84.83333333333334 573 21.555947867

800 762 95.25 878 14.317298537

800 760 95.0 149 14.297152164

800 761 95.125 129 13.994522445

800 761 95.125 46 14.443873025

900 855 95.0 60 16.026572877

900 848 94.22222222222221 213 16.34853178

800 759 94.875 379 14.513101697

800 765 95.625 519 14.69785144

800 757 94.625 291 14.646514378

800 762 95.25 118 14.793312133

900 850 94.44444444444444 702 16.03067416

900 854 94.88888888888889 287 16.106665079

900 854 94.88888888888889 589 16.554715179

600 580 96.66666666666667 799 12.172525702

900 861 95.66666666666667 766 16.283165839

700 677 96.71428571428572 982 12.862673915

600 578 96.33333333333334 193 11.287304617

600 582 97.0 459 12.084497104

700 672 96.0 217 13.246037407

700 674 96.28571428571429 981 13.173533862

384 342 89.0625 718 7.347962081

162 145 89.50617283950618 18 2.714754303

2058 1673 81.29251700680273 541 36.428663064

