1132 891 78.71024734982332 37 10.288236303

996 796 79.91967871485943 29 9.934700775

92 88 95.65217391304348 633 1.57809379

840 636 75.71428571428571 1 8.098193326

400 309 77.25 1 4.21822507

1000 946 94.6 444 16.009844537

1000 949 94.89999999999999 224 15.464395877

900 892 99.11111111111111 113 12.259012945

1000 962 96.2 933 15.310758594

900 890 98.88888888888889 424 12.374544637

900 894 99.33333333333333 569 13.140166834

900 898 99.77777777777777 145 12.302974218

900 898 99.77777777777777 244 12.600317905

900 897 99.66666666666667 44 12.782959165

1260 1072 85.07936507936508 628 13.878821565

1260 1074 85.23809523809524 509 14.275306213

1260 1077 85.47619047619047 764 13.656838007

1258 1069 84.97615262321145 707 13.750381868

1258 1074 85.37360890302067 418 14.842948685

1200 1023 85.25 731 14.138290986

1200 1036 86.33333333333333 268 14.251995907

1300 1107 85.15384615384616 594 15.835846686

1300 1107 85.15384615384616 244 15.993600208

1200 1044 87.0 633 14.9329904

1200 1035 86.25 326 14.755620473

800 762 95.25 209 10.0856759

800 762 95.25 235 10.105953529

800 761 95.125 105 10.625131478

800 761 95.125 492 10.178494219

900 856 95.11111111111111 75 11.681492123

900 852 94.66666666666667 221 12.535817618

800 765 95.625 191 10.110108254

800 767 95.875 395 10.713598451

800 762 95.25 401 10.373179005

800 762 95.25 473 10.03119685

900 858 95.33333333333334 579 11.252220656

900 859 95.44444444444444 251 11.35854338

900 857 95.22222222222221 727 11.379330966

600 584 97.33333333333334 435 8.402328841

900 861 95.66666666666667 403 12.06325672

700 679 97.0 820 10.215945852

600 580 96.66666666666667 814 8.486269507

600 580 96.66666666666667 158 8.774540263

700 679 97.0 544 9.314340159

700 677 96.71428571428572 847 9.212070475

384 339 88.28125 792 5.282836382

162 145 89.50617283950618 63 2.052582016

2058 1729 84.01360544217688 763 25.159253467

