1132 883 78.00353356890459 12 6.083092571

996 772 77.51004016064257 118 5.724877917

92 83 90.21739130434783 314 1.079761946

840 640 76.19047619047619 1 4.759632534

400 307 76.75 1 2.626612355

1000 900 90.0 363 9.070205186

1000 904 90.4 972 9.120617419

900 851 94.55555555555556 44 7.270604851

1000 893 89.3 565 9.321482764

900 855 95.0 757 7.163199961

900 859 95.44444444444444 881 7.097904677

900 880 97.77777777777777 78 6.847701414

900 882 98.0 753 6.970220486

900 890 98.88888888888889 462 7.104000104

1260 971 77.06349206349206 629 7.821734943

1260 974 77.3015873015873 898 7.830384675

1260 980 77.77777777777779 557 7.821369944

1258 981 77.98092209856917 49 8.341668139

1258 983 78.13990461049285 609 7.855105656

1200 957 79.75 292 8.431202347

1200 953 79.41666666666667 339 8.493605904

1300 1006 77.38461538461539 106 9.156109378

1300 1036 79.6923076923077 59 9.397434685

1200 965 80.41666666666667 767 8.738855122

1200 960 80.0 72 8.988800797

800 726 90.75 142 6.094168145

800 729 91.125 673 6.208251754

800 723 90.375 408 5.98321002

800 736 92.0 41 5.880900831

900 827 91.88888888888889 451 6.598047894

900 815 90.55555555555556 954 6.888115598

800 719 89.875 988 6.253578314

800 723 90.375 117 5.975536397

800 728 91.0 377 6.074898982

800 733 91.625 390 5.939043969

900 814 90.44444444444444 965 6.664125409

900 821 91.22222222222223 495 7.021997344

900 823 91.44444444444444 898 6.841233045

600 554 92.33333333333333 139 5.10770436

900 827 91.88888888888889 950 6.574963239

700 643 91.85714285714286 549 5.588888301

600 552 92.0 303 4.943565803

600 562 93.66666666666667 257 5.092585229

700 636 90.85714285714286 15 5.782708422

700 639 91.28571428571428 809 5.369154645

384 294 76.5625 874 3.034890431

162 133 82.09876543209876 149 1.405425837

2058 1601 77.79397473275024 266 15.871869756

