1132 894 78.97526501766784 69 10.679652656

996 796 79.91967871485943 93 9.378616195

92 85 92.3913043478261 204 1.773111959

840 638 75.95238095238095 1 8.258078675

400 310 77.5 1 4.338704

1000 925 92.5 711 15.334105656

1000 954 95.39999999999999 714 15.652728704

900 889 98.77777777777777 589 12.553167054

1000 937 93.7 958 17.25209855

900 890 98.88888888888889 266 12.410224905

900 889 98.77777777777777 929 13.071732577

900 900 100.0 134 12.289103515

900 898 99.77777777777777 103 12.784520176

900 897 99.66666666666667 637 12.560917917

1260 1079 85.63492063492063 891 13.474704018

1260 1071 85.0 681 13.219547471

1260 1064 84.44444444444444 211 13.828510457

1258 1059 84.18124006359301 287 13.55137993

1258 1065 84.65818759936407 675 13.855457438

1200 1011 84.25 503 15.264103806

1200 1030 85.83333333333333 899 14.445926448

1300 1106 85.07692307692307 772 16.247594034

1300 1098 84.46153846153847 373 16.486942617

1200 1036 86.33333333333333 693 15.683268895

1200 1022 85.16666666666667 436 15.079233103

800 759 94.875 389 9.984568753

800 761 95.125 245 10.171572411

800 761 95.125 180 10.42341178

800 761 95.125 811 10.388030588

900 852 94.66666666666667 183 11.915866032

900 851 94.55555555555556 863 11.685596956

800 764 95.5 412 10.438603884

800 766 95.75 856 10.216369184

800 757 94.625 299 10.431072237

800 762 95.25 380 10.197993768

900 856 95.11111111111111 614 11.758184749

900 855 95.0 574 12.086849261

900 853 94.77777777777779 385 11.476221049

600 580 96.66666666666667 253 8.863707665

900 859 95.44444444444444 807 12.0082434

700 678 96.85714285714285 815 9.461808197

600 579 96.5 674 8.092025525

600 576 96.0 359 9.167316072

700 678 96.85714285714285 249 9.820775635

700 674 96.28571428571429 629 9.410027285

384 338 88.02083333333334 933 5.156339598

162 143 88.27160493827161 16 2.054248334

2058 1695 82.36151603498543 934 27.299828451

