1132 893 78.886925795053 49 6.638934837

996 795 79.81927710843374 27 5.403456461

92 88 95.65217391304348 30 1.047564169

840 640 76.19047619047619 1 4.686471076

400 308 77.0 1 2.794188995

1000 936 93.60000000000001 646 9.240897924

1000 934 93.4 137 9.230541059

900 882 98.0 291 7.979677171

1000 928 92.80000000000001 366 9.809784867

900 880 97.77777777777777 785 7.471538676

900 879 97.66666666666667 779 7.177828018

900 892 99.11111111111111 47 6.835093802

900 897 99.66666666666667 544 7.105554275

900 895 99.44444444444444 846 7.144941982

1260 1036 82.22222222222221 506 7.743940225

1260 1037 82.3015873015873 810 8.072719517

1260 1052 83.4920634920635 280 7.843681401

1258 1017 80.84260731319554 348 7.868988248

1258 1037 82.43243243243244 719 7.686515616

1200 1010 84.16666666666667 638 8.939632143

1200 1015 84.58333333333333 300 8.401304226

1300 1098 84.46153846153847 513 9.018639545

1300 1092 84.0 133 9.316174845

1200 1015 84.58333333333333 776 9.373726555

1200 1012 84.33333333333334 407 8.83954304

800 757 94.625 245 5.905617165

800 756 94.5 154 5.946308783

800 756 94.5 145 5.889890417

800 751 93.875 817 5.85702718

900 856 95.11111111111111 205 6.905012849

900 848 94.22222222222221 889 6.728710544

800 755 94.375 173 6.161391158

800 758 94.75 119 6.2589482

800 761 95.125 360 6.125270437

800 764 95.5 993 6.233633452

900 846 94.0 935 6.657770041

900 849 94.33333333333334 159 7.16284987

900 856 95.11111111111111 206 6.602344324

600 575 95.83333333333334 315 4.953245791

900 855 95.0 312 6.849739243

700 670 95.71428571428572 353 5.343421529

600 575 95.83333333333334 656 5.033334971

600 572 95.33333333333334 882 5.114932352

700 676 96.57142857142857 999 5.374792105

700 670 95.71428571428572 364 5.632413918

384 338 88.02083333333334 984 2.878704006

162 145 89.50617283950618 14 1.251438445

2058 1671 81.19533527696792 197 14.939737121

