1132 893 78.886925795053 345 6.605863007

996 793 79.61847389558233 26 5.612283747

92 88 95.65217391304348 28 1.136452003

840 640 76.19047619047619 1 4.739698716

400 310 77.5 1 2.640352087

1000 923 92.30000000000001 973 9.417338341

1000 915 91.5 208 8.903674598

900 872 96.88888888888889 980 7.133620866

1000 924 92.4 774 8.985623249

900 876 97.33333333333334 457 7.472124747

900 881 97.88888888888889 747 7.612030512

900 895 99.44444444444444 615 6.921816381

900 897 99.66666666666667 588 7.042099926

900 895 99.44444444444444 213 7.154182416

1260 1021 81.03174603174604 293 8.006326705

1260 1037 82.3015873015873 920 7.920511167

1260 1031 81.82539682539682 72 8.261218446

1258 1031 81.95548489666137 705 7.762141351

1258 1029 81.79650238473768 194 8.037775329

1200 995 82.91666666666667 454 8.362065618

1200 1007 83.91666666666666 590 8.312776553

1300 1085 83.46153846153847 463 9.095120652

1300 1073 82.53846153846153 924 9.432234045

1200 1005 83.75 277 9.332915036

1200 998 83.16666666666667 107 8.80015308

800 757 94.625 446 6.071074849

800 754 94.25 501 6.091391154

800 760 95.0 556 6.06523771

800 754 94.25 670 5.81417829

900 846 94.0 396 6.532446284

900 840 93.33333333333333 511 6.634217899

800 758 94.75 79 5.899254759

800 757 94.625 860 5.934616639

800 751 93.875 247 6.147439414

800 750 93.75 330 6.317255394

900 842 93.55555555555556 539 6.725272408

900 841 93.44444444444444 577 7.229796016

900 853 94.77777777777779 961 6.704365115

600 572 95.33333333333334 775 4.862476501

900 854 94.88888888888889 265 6.794356427

700 668 95.42857142857143 179 6.233195884

600 567 94.5 149 4.733940532

600 570 95.0 584 4.862505324

700 665 95.0 431 5.423448696

700 662 94.57142857142857 425 5.424528919

384 336 87.5 50 2.892294482

162 145 89.50617283950618 280 1.239838702

2058 1647 80.02915451895043 834 16.242752886

