1132 894 78.97526501766784 43 16.210269078

996 796 79.91967871485943 102 14.235275577

92 88 95.65217391304348 95 2.105517328

840 640 76.19047619047619 1 12.495303475

400 310 77.5 1 6.361722117

1000 932 93.2 436 22.887555794

1000 936 93.60000000000001 732 22.485953831

900 884 98.22222222222223 409 18.008974345

1000 942 94.19999999999999 178 21.900836515

900 884 98.22222222222223 138 17.740245782

900 891 99.0 298 18.109365961

900 898 99.77777777777777 125 17.615263347

900 899 99.8888888888889 33 17.11270729

900 898 99.77777777777777 39 17.991915498

1260 1085 86.11111111111111 969 20.669792079

1260 1066 84.60317460317461 786 19.602829549

1260 1055 83.73015873015873 909 19.292232266

1258 1058 84.10174880763115 483 20.035287061

1258 1058 84.10174880763115 580 20.018562544

1200 1020 85.0 469 22.339781571

1200 1030 85.83333333333333 343 21.123390866

1300 1099 84.53846153846155 219 23.644433416

1300 1098 84.46153846153847 470 22.677064687

1200 1035 86.25 513 22.473060984

1200 1023 85.25 710 22.433420873

800 764 95.5 62 14.603424638

800 761 95.125 875 14.423029892

800 761 95.125 23 14.375920493

800 760 95.0 418 14.862804707

900 855 95.0 102 16.935167392

900 851 94.55555555555556 262 16.365479524

800 767 95.875 958 14.381391624

800 767 95.875 230 14.773542245

800 760 95.0 82 14.739740064

800 761 95.125 831 14.536755798

900 855 95.0 224 17.01854926

900 853 94.77777777777779 639 16.032213244

900 855 95.0 490 17.92322497

600 579 96.5 59 12.285562886

900 863 95.88888888888889 177 16.814768509

700 677 96.71428571428572 137 13.812368706

600 575 95.83333333333334 343 12.132729193

600 580 96.66666666666667 111 12.393571046

700 677 96.71428571428572 580 13.679725951

700 672 96.0 446 13.064022198

384 342 89.0625 745 7.478103969

162 143 88.27160493827161 19 2.734443985

2058 1697 82.45869776482022 164 36.276550222

