1132 894 78.97526501766784 286 10.444515827

996 796 79.91967871485943 24 9.715333549

92 88 95.65217391304348 164 1.605109744

840 632 75.23809523809524 1 8.10553413

400 310 77.5 1 4.403770696

1000 927 92.7 484 15.821994383

1000 929 92.9 362 15.797996034

900 884 98.22222222222223 381 12.475552046

1000 932 93.2 83 16.195298762

900 884 98.22222222222223 469 13.322142894

900 881 97.88888888888889 514 12.50904548

900 897 99.66666666666667 120 12.043501679

900 898 99.77777777777777 246 12.171470259

900 897 99.66666666666667 28 11.76955128

1260 1056 83.80952380952381 952 13.175135225

1260 1063 84.36507936507937 792 13.728356446

1260 1039 82.46031746031746 420 13.32836381

1258 1041 82.75039745627981 163 14.309499286

1258 1040 82.67090620031796 649 13.160316916

1200 1011 84.25 800 14.479192549

1200 1025 85.41666666666666 525 14.676794695

1300 1082 83.23076923076923 630 16.050225561

1300 1096 84.3076923076923 184 15.997178667

1200 1028 85.66666666666667 769 15.086844498

1200 1017 84.75 988 14.676544746

800 759 94.875 522 10.081051123

800 760 95.0 622 10.741639773

800 759 94.875 456 10.261671714

800 763 95.375 814 10.211004458

900 855 95.0 67 11.586869346

900 850 94.44444444444444 791 11.317170638

800 760 95.0 275 10.35915356

800 765 95.625 664 10.537875524

800 762 95.25 747 10.457720329

800 762 95.25 567 10.202296812

900 856 95.11111111111111 686 11.478508207

900 852 94.66666666666667 253 12.189131123

900 855 95.0 520 11.191781418

600 570 95.0 780 8.678325127

900 854 94.88888888888889 141 11.356735017

700 671 95.85714285714285 203 9.283003507

600 576 96.0 143 8.284168986

600 575 95.83333333333334 343 8.333490621

700 671 95.85714285714285 457 9.309046854

700 667 95.28571428571428 103 9.730326315

384 338 88.02083333333334 374 4.74204712

162 145 89.50617283950618 85 1.963866241

2058 1663 80.80660835762876 122 26.250436984

