1132 894 78.97526501766784 390 11.225798557

996 792 79.51807228915662 50 9.510387209

92 88 95.65217391304348 16 1.550579259

840 640 76.19047619047619 1 8.114848043

400 310 77.5 1 4.553672801

1000 925 92.5 350 15.150221342

1000 924 92.4 346 16.147791616

900 879 97.66666666666667 320 12.912894243

1000 924 92.4 83 15.576064629

900 876 97.33333333333334 129 13.004116201

900 880 97.77777777777777 396 12.283051918

900 896 99.55555555555556 27 12.095981807

900 899 99.8888888888889 368 12.295913206

900 896 99.55555555555556 161 12.109199556

1260 1037 82.3015873015873 496 13.305221813

1260 1040 82.53968253968253 376 13.644512966

1260 1033 81.98412698412699 235 13.510847824

1258 1033 82.11446740858506 458 13.493575044

1258 1021 81.16057233704292 935 13.439132007

1200 1002 83.5 243 14.347986392

1200 1006 83.83333333333334 506 14.149618154

1300 1091 83.92307692307692 228 15.841638915

1300 1076 82.76923076923077 280 15.734218407

1200 1016 84.66666666666667 452 15.887414036

1200 1012 84.33333333333334 622 15.499473291

800 760 95.0 60 9.778815897

800 754 94.25 906 10.173940301

800 761 95.125 542 9.965855209

800 752 94.0 896 10.144346544

900 852 94.66666666666667 135 11.390496846

900 842 93.55555555555556 230 11.428236434

800 758 94.75 849 10.039061323

800 761 95.125 952 9.880053046

800 756 94.5 951 10.401092365

800 762 95.25 857 10.018997383

900 847 94.11111111111111 102 11.355950145

900 852 94.66666666666667 728 11.606389301

900 848 94.22222222222221 130 11.402359151

600 574 95.66666666666667 898 8.494117901

900 854 94.88888888888889 173 11.202865979

700 669 95.57142857142857 483 9.275920355

600 572 95.33333333333334 541 8.582003046

600 572 95.33333333333334 450 8.617845852

700 670 95.71428571428572 483 9.314991336

700 667 95.28571428571428 616 9.379349351

384 342 89.0625 690 5.133192416

162 145 89.50617283950618 8 2.002785213

2058 1649 80.12633624878522 657 25.638546204

