1132 892 78.79858657243817 31 11.239962328

996 796 79.91967871485943 89 9.751114531

92 88 95.65217391304348 197 1.583001027

840 632 75.23809523809524 1 7.855593254

400 310 77.5 1 4.696054638

1000 945 94.5 190 15.221402352

1000 954 95.39999999999999 948 15.680876529

900 890 98.88888888888889 745 12.494274566

1000 942 94.19999999999999 439 15.482094466

900 892 99.11111111111111 938 12.31818295

900 888 98.66666666666667 356 12.488169755

900 899 99.8888888888889 90 12.069409298

900 898 99.77777777777777 40 12.161068618

900 897 99.66666666666667 117 11.942522352

1260 1084 86.03174603174604 962 13.581387627

1260 1080 85.71428571428571 198 13.672072182

1260 1063 84.36507936507937 420 13.499908047

1258 1081 85.93004769475357 517 14.276493707

1258 1069 84.97615262321145 849 13.747434043

1200 1026 85.5 703 14.547940801

1200 1024 85.33333333333334 718 14.711231889

1300 1111 85.46153846153847 907 16.125973219

1300 1107 85.15384615384616 733 16.130652434

1200 1038 86.5 593 14.817134864

1200 1027 85.58333333333333 197 15.066204897

800 764 95.5 175 10.053171826

800 760 95.0 269 10.434687427

800 763 95.375 225 10.303342537

800 761 95.125 116 10.002330075

900 855 95.0 163 12.273680434

900 847 94.11111111111111 256 12.085865977

800 761 95.125 496 10.871276029

800 766 95.75 854 10.711115468

800 759 94.875 702 10.413461728

800 763 95.375 232 10.943252252

900 856 95.11111111111111 745 11.845301071

900 857 95.22222222222221 801 12.283172677

900 857 95.22222222222221 402 12.369841044

600 580 96.66666666666667 37 8.624904409

900 861 95.66666666666667 907 11.529999548

700 678 96.85714285714285 848 9.114037393

600 581 96.83333333333334 607 8.240035206

600 582 97.0 291 8.510243826

700 680 97.14285714285714 252 9.357683825

700 677 96.71428571428572 444 9.276439786

384 339 88.28125 208 4.909903783

162 143 88.27160493827161 14 2.020374444

2058 1723 83.72206025267249 395 25.822013284

