1132 882 77.91519434628975 348 10.783260096

996 781 78.4136546184739 415 9.687937176

92 84 91.30434782608695 402 1.651459914

840 640 76.19047619047619 1 7.886143192

400 308 77.0 1 4.491710772

1000 904 90.4 6 15.190645457

1000 903 90.3 542 15.060524764

900 865 96.11111111111111 820 12.885459129

1000 903 90.3 104 15.675638914

900 870 96.66666666666667 259 12.908859947

900 872 96.88888888888889 196 12.41462083

900 890 98.88888888888889 615 11.858702497

900 885 98.33333333333333 118 12.33953712

900 883 98.11111111111111 757 12.67002596

1260 985 78.17460317460318 186 13.426638548

1260 999 79.28571428571428 233 13.429400776

1260 993 78.80952380952381 334 13.56711109

1258 975 77.50397456279809 845 13.846822352

1258 989 78.61685214626391 146 13.616468336

1200 952 79.33333333333333 822 14.433762668

1200 973 81.08333333333333 282 14.797109985

1300 1043 80.23076923076923 563 16.050155617

1300 1053 81.0 661 16.906904492

1200 991 82.58333333333333 317 14.97652032

1200 971 80.91666666666667 484 14.786289908

800 740 92.5 405 9.986906155

800 746 93.25 658 10.127212348

800 741 92.625 822 10.092064158

800 737 92.125 59 10.300989817

900 825 91.66666666666666 256 11.433414552

900 816 90.66666666666666 171 11.64395957

800 737 92.125 311 10.75996372

800 733 91.625 874 10.944216371

800 739 92.375 381 10.989746481

800 730 91.25 287 10.738033276

900 835 92.77777777777779 787 11.917839902

900 816 90.66666666666666 370 11.424042116

900 831 92.33333333333333 627 11.502747298

600 559 93.16666666666666 410 8.579200964

900 832 92.44444444444444 694 11.714258878

700 653 93.28571428571428 747 9.569560075

600 555 92.5 202 8.675622434

600 559 93.16666666666666 177 8.904295589

700 654 93.42857142857143 592 9.486841673

700 653 93.28571428571428 488 9.340478216

384 310 80.72916666666666 451 4.903346681

162 141 87.03703703703704 632 2.040131342

2058 1605 77.98833819241983 633 25.93711434

