1132 889 78.53356890459364 100 10.49901874

996 792 79.51807228915662 214 9.24535592

92 88 95.65217391304348 434 1.782259895

840 640 76.19047619047619 1 8.844793577

400 307 76.75 1 4.298296467

1000 928 92.80000000000001 78 15.536637094

1000 929 92.9 680 15.430022739

900 880 97.77777777777777 482 13.505256111

1000 920 92.0 976 15.952908546

900 871 96.77777777777777 329 12.744632319

900 881 97.88888888888889 936 13.699497169

900 897 99.66666666666667 537 12.097467949

900 892 99.11111111111111 423 12.240016493

900 892 99.11111111111111 456 12.357437357

1260 1055 83.73015873015873 295 13.782078591

1260 1058 83.96825396825398 512 13.791291593

1260 1045 82.93650793650794 871 13.865024127

1258 1052 83.6248012718601 868 14.171064136

1258 1041 82.75039745627981 635 13.941127534

1200 1013 84.41666666666666 795 15.1961675

1200 1017 84.75 355 14.622122964

1300 1104 84.92307692307692 276 16.64230054

1300 1089 83.76923076923077 505 15.869826748

1200 1021 85.08333333333333 976 14.96490039

1200 1015 84.58333333333333 720 15.020232724

800 755 94.375 892 9.985003823

800 761 95.125 899 10.465376784

800 760 95.0 557 9.88528489

800 757 94.625 605 10.47213755

900 854 94.88888888888889 157 12.137823543

900 841 93.44444444444444 757 11.986052286

800 763 95.375 695 10.615760556

800 768 96.0 994 10.025888167

800 760 95.0 846 10.142421268

800 761 95.125 554 10.410053587

900 856 95.11111111111111 503 12.275116655

900 852 94.66666666666667 638 11.697529398

900 846 94.0 153 11.736918793

600 578 96.33333333333334 686 8.97738061

900 858 95.33333333333334 663 11.720178244

700 669 95.57142857142857 823 9.795105145

600 570 95.0 674 8.363941447

600 573 95.5 478 8.668222195

700 675 96.42857142857143 312 9.482022402

700 664 94.85714285714286 716 9.193785019

384 340 88.54166666666666 810 4.953651649

162 145 89.50617283950618 17 2.038065862

2058 1655 80.41788143828961 429 25.08645145

