1132 892 78.79858657243817 38 10.688971107

996 796 79.91967871485943 20 9.737580285

92 88 95.65217391304348 643 1.69788316

840 640 76.19047619047619 1 8.223424952

400 310 77.5 1 4.479772573

1000 930 93.0 571 15.89943746

1000 920 92.0 973 15.260655462

900 875 97.22222222222221 279 12.606478033

1000 924 92.4 100 15.4073386

900 873 97.0 105 12.680580246

900 878 97.55555555555556 562 12.125127554

900 897 99.66666666666667 173 11.786782213

900 897 99.66666666666667 423 12.279523531

900 897 99.66666666666667 107 11.776234229

1260 1031 81.82539682539682 276 13.436538298

1260 1025 81.34920634920636 96 13.176075534

1260 1039 82.46031746031746 863 13.433447277

1258 1044 82.98887122416534 629 13.70489541

1258 1027 81.637519872814 278 14.300042061

1200 1007 83.91666666666666 908 14.398822498

1200 1008 84.0 327 14.140244931

1300 1090 83.84615384615385 150 16.066557264

1300 1087 83.61538461538461 747 15.881463109

1200 1010 84.16666666666667 514 14.803785312

1200 1004 83.66666666666667 983 14.987475564

800 752 94.0 121 10.194354599

800 756 94.5 902 10.388313638

800 749 93.625 317 10.313001562

800 758 94.75 760 10.240082256

900 851 94.55555555555556 212 11.18267418

900 846 94.0 767 11.44456599

800 758 94.75 345 10.301773958

800 763 95.375 226 10.641174974

800 753 94.125 316 10.29984308

800 764 95.5 1000 10.437993786

900 850 94.44444444444444 151 11.505026186

900 849 94.33333333333334 189 11.815698077

900 851 94.55555555555556 310 11.750593211

600 570 95.0 276 8.342595089

900 857 95.22222222222221 246 11.313106386

700 669 95.57142857142857 374 9.468069453

600 567 94.5 450 8.28179549

600 573 95.5 890 8.375361064

700 668 95.42857142857143 301 9.216028214

700 668 95.42857142857143 298 9.507938588

384 342 89.0625 207 5.075758424

162 145 89.50617283950618 8 2.014217588

2058 1632 79.30029154518951 88 25.51063097

