1132 872 77.03180212014135 122 6.25236996

996 789 79.21686746987952 631 5.532728528

92 83 90.21739130434783 163 1.06572334

840 634 75.47619047619048 1 5.33962473

400 304 76.0 1 2.599850055

1000 899 89.9 846 9.312365903

1000 901 90.10000000000001 673 9.204916336

900 871 96.77777777777777 224 7.506676231

1000 896 89.60000000000001 787 9.051217835

900 862 95.77777777777777 385 7.203868046

900 868 96.44444444444444 516 7.260634051

900 878 97.55555555555556 167 7.177942096

900 891 99.0 120 7.012412058

900 886 98.44444444444444 649 6.983110192

1260 1013 80.3968253968254 251 7.609397175

1260 1006 79.84126984126985 558 7.773909243

1260 1013 80.3968253968254 149 7.741486143

1258 1002 79.65023847376789 776 7.899978921

1258 978 77.74244833068363 295 7.753444568

1200 992 82.66666666666667 67 8.312471444

1200 1004 83.66666666666667 161 8.39634039

1300 1061 81.61538461538461 853 9.377494997

1300 1056 81.23076923076923 437 9.194435519

1200 996 83.0 713 8.765671468

1200 979 81.58333333333333 154 8.726512738

800 746 93.25 344 5.872861096

800 733 91.625 130 5.935683533

800 742 92.75 42 6.19470345

800 740 92.5 539 6.446718336

900 844 93.77777777777779 229 6.82226915

900 826 91.77777777777779 925 6.842541189

800 755 94.375 242 6.150676822

800 751 93.875 509 6.057312173

800 739 92.375 843 6.512525144

800 747 93.375 874 6.096157615

900 847 94.11111111111111 960 6.698494601

900 834 92.66666666666666 293 6.719025564

900 848 94.22222222222221 627 6.744134548

600 555 92.5 341 5.305526547

900 841 93.44444444444444 178 7.042477049

700 653 93.28571428571428 862 5.469720591

600 566 94.33333333333334 354 4.959071693

600 566 94.33333333333334 425 5.214865661

700 661 94.42857142857143 288 5.376413656

700 658 94.0 133 5.818097215

384 322 83.85416666666666 370 3.163176476

162 143 88.27160493827161 18 1.228957323

2058 1611 78.2798833819242 91 16.110318845

