1132 891 78.71024734982332 21 6.031397934

996 796 79.91967871485943 29 5.456401996

92 86 93.47826086956522 303 1.068463838

840 640 76.19047619047619 1 4.854405793

400 309 77.25 1 2.732850001

1000 919 91.9 482 9.061834145

1000 911 91.10000000000001 123 9.248313531

900 874 97.11111111111111 641 7.123964

1000 919 91.9 489 8.958420087

900 875 97.22222222222221 21 7.213285032

900 877 97.44444444444444 406 7.328358599

900 894 99.33333333333333 120 7.06727598

900 897 99.66666666666667 267 6.894966172

900 894 99.33333333333333 160 7.474331266

1260 1016 80.63492063492063 102 8.083676944

1260 1021 81.03174603174604 395 7.85476837

1260 1026 81.42857142857143 758 7.836282535

1258 1037 82.43243243243244 778 7.80972592

1258 1015 80.68362480127186 364 7.700818888

1200 993 82.75 588 8.233323689

1200 1006 83.83333333333334 794 8.470647034

1300 1070 82.3076923076923 836 9.237099026

1300 1070 82.3076923076923 461 9.409618916

1200 1007 83.91666666666666 695 8.702550619

1200 996 83.0 442 8.702825318

800 750 93.75 685 5.935039342

800 755 94.375 437 5.891825609

800 747 93.375 378 5.888947473

800 752 94.0 781 5.884762613

900 846 94.0 757 6.861361173

900 844 93.77777777777779 488 6.855613903

800 749 93.625 311 6.171811664

800 755 94.375 102 6.550481987

800 746 93.25 826 5.891967586

800 753 94.125 191 5.97396683

900 847 94.11111111111111 540 6.582266092

900 848 94.22222222222221 395 6.677300316

900 856 95.11111111111111 137 6.532734342

600 573 95.5 956 5.359235267

900 850 94.44444444444444 148 6.961422394

700 667 95.28571428571428 140 5.479447988

600 567 94.5 442 4.784761302

600 570 95.0 216 5.525066151

700 668 95.42857142857143 322 5.676338661

700 659 94.14285714285714 638 5.436867921

384 330 85.9375 172 2.975087641

162 145 89.50617283950618 8 1.386338088

2058 1625 78.96015549076773 231 14.782434151

