1132 894 78.97526501766784 182 15.749581331

996 795 79.81927710843374 15 13.607086532

92 88 95.65217391304348 71 2.32821156

840 640 76.19047619047619 1 11.388572516

400 309 77.25 2 6.090109216

1000 923 92.30000000000001 698 22.080003471

1000 922 92.2 130 21.88407132

900 880 97.77777777777777 741 18.164462986

1000 925 92.5 984 22.456858889

900 879 97.66666666666667 514 17.719866812

900 878 97.55555555555556 319 17.36577362

900 899 99.8888888888889 78 16.917972464

900 894 99.33333333333333 461 16.997860419

900 897 99.66666666666667 297 16.628265176

1260 1043 82.77777777777777 246 18.90070041

1260 1045 82.93650793650794 910 20.003008805

1260 1033 81.98412698412699 267 19.611719243

1258 1035 82.27344992050874 815 18.575035345

1258 1029 81.79650238473768 310 19.097537246

1200 1003 83.58333333333333 128 20.235079844

1200 1019 84.91666666666666 780 20.236823728

1300 1088 83.6923076923077 866 22.132800024

1300 1092 84.0 214 22.572054426

1200 1009 84.08333333333333 326 20.818258529

1200 1010 84.16666666666667 392 20.978551059

800 756 94.5 858 14.373625074

800 757 94.625 395 14.842110758

800 758 94.75 363 14.467100205

800 761 95.125 640 14.368660439

900 850 94.44444444444444 783 16.040019187

900 849 94.33333333333334 102 15.795739376

800 756 94.5 477 14.303793263

800 764 95.5 197 14.92810808

800 757 94.625 715 14.470358833

800 754 94.25 223 14.218574921

900 846 94.0 185 16.000780413

900 852 94.66666666666667 447 16.530315217

900 852 94.66666666666667 77 15.851462797

600 576 96.0 207 12.67118355

900 855 95.0 475 15.765430203

700 667 95.28571428571428 81 13.181646173

600 574 95.66666666666667 145 11.611165702

600 577 96.16666666666667 134 11.853023633

700 667 95.28571428571428 137 13.008835866

700 672 96.0 950 12.90044637

384 334 86.97916666666666 726 6.655381262

162 145 89.50617283950618 5 2.746580886

2058 1619 78.66861030126337 478 36.517484006

