1132 889 78.53356890459364 891 5.62292

996 792 79.51807228915662 958 5.079655

92 86 93.47826086956522 55 0.708389

840 640 76.19047619047619 1 4.132398

400 310 77.5 2 2.191341







900 881 97.88888888888889 122 9.500498

900 885 98.33333333333333 227 8.633016

900 877 97.44444444444444 449 8.376214

900 899 99.8888888888889 597 7.455499

900 895 99.44444444444444 675 7.899297

900 896 99.55555555555556 156 7.367457











1200 1010 84.16666666666667 790 10.807191

1200 1024 85.33333333333334 644 10.033901









800 758 94.75 273 6.742688

800 760 95.0 680 6.954801

800 757 94.625 406 7.029644

800 761 95.125 337 7.064816



