1132 894 78.97526501766784 190 12.743269477

996 796 79.91967871485943 600 10.416861494

92 86 93.47826086956522 59 1.52895294

840 640 76.19047619047619 1 9.173759631

400 310 77.5 1 4.726896523

1000 929 92.9 893 17.143256983

1000 930 93.0 958 18.011840807

1000 933 93.30000000000001 855 18.299216826

900 889 98.77777777777777 430 14.009560366

900 883 98.11111111111111 698 14.25229475

900 885 98.33333333333333 603 13.93760228

900 898 99.77777777777777 353 13.33971927

900 900 100.0 763 13.431426324

900 897 99.66666666666667 265 14.332961455

1260 1068 84.76190476190476 836 15.738130937

1260 1055 83.73015873015873 538 15.140480667

1260 1058 83.96825396825398 856 15.515686719

1258 1047 83.22734499205087 566 16.225016733

1258 1054 83.78378378378379 505 14.753236379

1200 1021 85.08333333333333 867 16.056357168

1200 1031 85.91666666666666 298 17.194533466

1300 1103 84.84615384615385 264 18.198072675

1300 1100 84.61538461538461 639 18.813298327

1200 1025 85.41666666666666 207 17.421776753

1200 1013 84.41666666666666 956 17.402305499

800 763 95.375 565 11.329130288

800 762 95.25 791 12.082971057

800 759 94.875 325 11.707382444

800 761 95.125 315 11.690105529

900 853 94.77777777777779 416 13.025107795

900 853 94.77777777777779 426 12.828363402

800 762 95.25 458 11.344174198

800 767 95.875 847 11.379463179

800 763 95.375 502 12.505182932

800 764 95.5 556 11.089528424

900 857 95.22222222222221 407 13.182369894

900 855 95.0 187 12.638296529

900 859 95.44444444444444 759 13.489629706

900 859 95.44444444444444 228 13.111505693

600 583 97.16666666666667 710 9.2476452

600 582 97.0 515 9.080838222

600 579 96.5 388 9.058510911

700 677 96.71428571428572 396 11.15329318

700 675 96.42857142857143 763 10.348847558

700 673 96.14285714285714 382 10.251986341

162 143 88.27160493827161 18 2.472828751

384 340 88.54166666666666 532 5.312676971

2058 1677 81.4868804664723 714 30.854844254

