1132 870 76.85512367491167 593 18.064179642

996 771 77.40963855421687 457 15.934433147

92 80 86.95652173913044 196 1.902734196

840 640 76.19047619047619 1 13.27960176

400 310 77.5 1 6.541712352

1000 901 90.10000000000001 840 24.133492365

1000 898 89.8 253 24.206048599

1000 894 89.4 641 24.288354096

900 862 95.77777777777777 291 20.690288029

900 867 96.33333333333334 755 20.170374174

900 862 95.77777777777777 748 20.160414659

900 885 98.33333333333333 106 19.721406051

900 886 98.44444444444444 247 19.789051859

900 886 98.44444444444444 578 20.088759182

1260 982 77.93650793650794 625 21.276092376

1260 991 78.65079365079364 19 21.398375946

1260 980 77.77777777777779 62 21.662411356

1258 976 77.58346581875993 696 22.34050937

1258 983 78.13990461049285 194 21.203023374

1200 948 79.0 533 24.066544342

1200 959 79.91666666666667 819 23.648461249

1300 1034 79.53846153846153 430 25.503541184

1300 1039 79.92307692307692 922 26.167721645

1200 964 80.33333333333333 729 24.914600579

1200 959 79.91666666666667 848 24.552267667

800 729 91.125 305 16.722186208

800 732 91.5 708 16.927355768

800 731 91.375 510 16.705834847

800 729 91.125 343 16.842824895

900 819 91.0 286 18.729525233

900 825 91.66666666666666 371 18.881247164

800 733 91.625 326 17.094038317

800 733 91.625 198 16.844333597

800 727 90.875 248 17.070332566

800 735 91.875 73 16.69908271

900 818 90.88888888888889 172 19.522511751

900 818 90.88888888888889 908 18.943923075

900 822 91.33333333333333 141 19.007004356

900 829 92.11111111111111 955 19.617959959

600 549 91.5 505 14.022784177

600 554 92.33333333333333 679 13.634933119

600 556 92.66666666666666 826 12.992117236

700 641 91.57142857142857 655 15.003164119

700 646 92.28571428571428 38 14.842482015

700 637 91.0 499 15.099474474

162 139 85.80246913580247 175 2.919551876

384 306 79.6875 470 7.287504336

2058 1590 77.25947521865889 691 42.224678208

