1132 875 77.29681978798587 223 17.853732581

996 769 77.20883534136547 429 15.722499872

92 80 86.95652173913044 251 2.062192768

840 640 76.19047619047619 1 13.323219148

400 310 77.5 2 6.945386865

1000 903 90.3 493 24.086827392

1000 894 89.4 84 24.361697043

1000 890 89.0 383 24.395457213

900 864 96.0 36 20.185173733

900 860 95.55555555555556 462 20.33254609

900 862 95.77777777777777 9 20.411485813

900 887 98.55555555555556 235 19.77598768

900 884 98.22222222222223 125 20.63226652

900 882 98.0 635 20.938686701

1260 974 77.3015873015873 756 21.576192657

1260 970 76.98412698412699 323 22.12982525

1260 978 77.61904761904762 1 22.52216719

1258 979 77.82193958664547 458 22.012714947

1258 961 76.39109697933227 441 21.778985181

1200 950 79.16666666666666 622 24.002033942

1200 950 79.16666666666666 284 23.73013421

1300 1029 79.15384615384615 849 26.081025207

1300 1018 78.3076923076923 514 26.313288465

1200 939 78.25 512 24.61203982

1200 934 77.83333333333333 109 24.647200135

800 725 90.625 747 16.732291653

800 720 90.0 749 17.539388248

800 720 90.0 937 17.168792285

800 721 90.125 402 16.958791122

900 810 90.0 683 19.298620219

900 805 89.44444444444444 510 19.177181278

800 722 90.25 372 17.452748835

800 729 91.125 918 17.924259629

800 721 90.125 903 17.679556031

800 727 90.875 509 17.235534642

900 809 89.88888888888889 86 19.753956481

900 814 90.44444444444444 639 20.499260327

900 806 89.55555555555556 583 20.388576621

900 810 90.0 908 19.483082665

600 544 90.66666666666666 348 14.501009322

600 545 90.83333333333333 891 14.579876591

600 544 90.66666666666666 29 13.130009798

700 633 90.42857142857143 302 16.100259468

700 631 90.14285714285715 378 16.516540451

700 639 91.28571428571428 688 15.430844078

162 131 80.8641975308642 797 3.495823405

384 304 79.16666666666666 582 7.456878768

2058 1573 76.43343051506318 791 42.236037756

