1132 877 77.47349823321554 159 12.054730696

996 781 78.4136546184739 225 10.257230329

92 81 88.04347826086956 190 1.446810468

840 640 76.19047619047619 1 9.386017904

400 310 77.5 1 4.66514106

1000 899 89.9 558 18.352615926

1000 906 90.60000000000001 433 16.809469481

1000 900 90.0 360 17.251496632

900 861 95.66666666666667 466 13.849802139

900 864 96.0 118 13.732076279

900 863 95.88888888888889 92 13.936817328

900 885 98.33333333333333 574 13.58608911

900 887 98.55555555555556 41 13.653850778

900 889 98.77777777777777 159 13.765733019

1260 986 78.25396825396825 742 14.749565342

1260 982 77.93650793650794 784 15.180498489

1260 982 77.93650793650794 980 15.35149228

1258 975 77.50397456279809 451 14.847711523

1258 979 77.82193958664547 892 15.49645554

1200 959 79.91666666666667 394 16.667244133

1200 969 80.75 166 16.152233421

1300 1038 79.84615384615384 607 17.979857129

1300 1040 80.0 104 18.116872412

1200 960 80.0 893 16.387783917

1200 963 80.25 814 16.958691408

800 734 91.75 482 11.316144599

800 731 91.375 755 11.610906504

800 731 91.375 57 11.937999691

800 733 91.625 323 11.345237823

900 818 90.88888888888889 311 12.847024691

900 829 92.11111111111111 27 12.89643037

800 735 91.875 230 12.279001755

800 736 92.0 228 11.511320004

800 731 91.375 414 11.703861558

800 732 91.5 105 11.332773558

900 826 91.77777777777779 545 13.467997995

900 821 91.22222222222223 555 12.808325458

900 827 91.88888888888889 772 12.770422344

900 826 91.77777777777779 262 12.713538419

600 555 92.5 622 9.338257338

600 552 92.0 257 9.317125859

600 552 92.0 415 9.302147046

700 645 92.14285714285714 438 10.904169319

700 647 92.42857142857143 689 10.28397924

700 646 92.28571428571428 201 10.320152919

162 139 85.80246913580247 46 2.082324028

384 316 82.29166666666666 778 5.642746513

2058 1597 77.59961127308065 801 27.742271802

