1132 871 76.9434628975265 498 18.02536966

996 766 76.90763052208835 619 15.712930854

92 77 83.69565217391305 556 1.986718714

840 640 76.19047619047619 1 12.958241524

400 310 77.5 1 6.82242283

1000 908 90.8 440 23.638099851

1000 892 89.2 764 23.305356769

1000 895 89.5 23 24.361933819

900 861 95.66666666666667 394 20.469342685

900 856 95.11111111111111 8 20.206510439

900 865 96.11111111111111 606 20.567199236

900 884 98.22222222222223 11 21.010852805

900 883 98.11111111111111 112 19.960751746

900 883 98.11111111111111 456 19.653487455

1260 978 77.61904761904762 405 20.996350546

1260 978 77.61904761904762 269 21.580653828

1260 975 77.38095238095238 477 20.712475409

1258 973 77.34499205087441 171 21.353564194

1258 973 77.34499205087441 495 21.703180282

1200 931 77.58333333333334 677 24.027304019

1200 939 78.25 969 23.936392731

1300 1023 78.6923076923077 86 26.216441881

1300 1005 77.3076923076923 430 25.86021964

1200 929 77.41666666666667 313 25.198259478

1200 948 79.0 149 24.357651093

800 725 90.625 53 16.569101908

800 721 90.125 718 16.862794419

800 728 91.0 124 16.807773533

800 726 90.75 495 16.763937653

900 812 90.22222222222223 52 18.545583969

900 816 90.66666666666666 985 19.00174764

800 727 90.875 215 17.142682706

800 725 90.625 472 16.938498171

800 718 89.75 799 18.288343674

800 718 89.75 562 17.803502343

900 812 90.22222222222223 142 19.075770114

900 813 90.33333333333333 107 19.836042133

900 809 89.88888888888889 395 19.117154415

900 817 90.77777777777779 453 18.864388069

600 544 90.66666666666666 197 13.794021617

600 542 90.33333333333333 173 14.441859076

600 539 89.83333333333333 377 13.562974418

700 634 90.57142857142857 1 15.45854654

700 630 90.0 655 15.265557931

700 630 90.0 189 14.838131432

162 132 81.48148148148148 24 2.938548135

384 304 79.16666666666666 936 7.884898889

2058 1583 76.91933916423712 265 39.74602506

