1132 875 77.29681978798587 128 17.87166525

996 771 77.40963855421687 896 15.398435839

92 77 83.69565217391305 324 1.975525343

840 640 76.19047619047619 1 12.846918847

400 310 77.5 1 6.561491019

1000 901 90.10000000000001 280 24.688200281

1000 902 90.2 551 23.211744254

1000 898 89.8 32 24.306058305

900 865 96.11111111111111 29 20.581256227

900 863 95.88888888888889 283 20.128007679

900 863 95.88888888888889 29 20.053805806

900 885 98.33333333333333 21 19.846650354

900 886 98.44444444444444 586 19.643209973

900 884 98.22222222222223 132 20.537044428

1260 988 78.41269841269842 633 21.272932113

1260 985 78.17460317460318 170 20.93143899

1260 987 78.33333333333333 364 21.125593173

1258 983 78.13990461049285 678 21.368565753

1258 983 78.13990461049285 800 20.792066602

1200 951 79.25 168 23.272677805

1200 965 80.41666666666667 127 23.340917935

1300 1034 79.53846153846153 957 26.215312438

1300 1032 79.38461538461539 73 26.471984804

1200 961 80.08333333333333 109 24.337081324

1200 955 79.58333333333333 242 24.50298854

800 740 92.5 543 16.679621127

800 733 91.625 198 17.212188604

800 732 91.5 362 16.509521428

800 737 92.125 620 17.762909184

900 820 91.11111111111111 961 18.773437694

900 820 91.11111111111111 309 19.141956782

800 732 91.5 316 17.900200547

800 745 93.125 308 16.872938122

800 738 92.25 237 16.414846827

800 737 92.125 614 16.560339314

900 821 91.22222222222223 140 18.913441126

900 818 90.88888888888889 175 18.787320914

900 824 91.55555555555556 908 18.705901139

900 831 92.33333333333333 387 18.862687748

600 552 92.0 924 13.423696756

600 554 92.33333333333333 130 13.636442589

600 554 92.33333333333333 951 12.615860134

700 638 91.14285714285715 720 14.680007304

700 641 91.57142857142857 384 14.818449344

700 640 91.42857142857143 962 14.985644564

162 139 85.80246913580247 102 2.830478349

384 313 81.51041666666666 517 7.471569995

2058 1611 78.2798833819242 659 40.054146379

