1132 869 76.76678445229682 747 17.705191489

996 772 77.51004016064257 868 16.031161277

92 76 82.6086956521739 322 1.857618351

840 640 76.19047619047619 1 13.18974317

400 310 77.5 1 7.033035989

1000 893 89.3 348 24.571764577

1000 893 89.3 568 24.61370653

1000 896 89.60000000000001 296 24.649365761

900 857 95.22222222222221 399 20.381017755

900 856 95.11111111111111 157 20.156593445

900 858 95.33333333333334 883 20.135290683

900 884 98.22222222222223 136 19.694207228

900 882 98.0 140 21.810727999

900 885 98.33333333333333 310 20.752366568

1260 977 77.53968253968254 910 21.20573426

1260 972 77.14285714285715 396 20.946440081

1260 984 78.0952380952381 925 21.591984423

1258 976 77.58346581875993 813 21.827932699

1258 986 78.37837837837837 300 20.825749103

1200 925 77.08333333333334 872 23.691634712

1200 951 79.25 781 24.44763707

1300 1013 77.92307692307693 158 25.729948897

1300 1006 77.38461538461539 581 25.482480924

1200 942 78.5 550 24.921060114

1200 933 77.75 508 24.571066702

800 726 90.75 547 16.538013497

800 724 90.5 979 18.044529219

800 718 89.75 245 16.960428007

800 723 90.375 864 17.024085018

900 808 89.77777777777777 120 19.154849986

900 811 90.11111111111111 52 19.17765102

800 727 90.875 688 16.911614183

800 721 90.125 838 17.171307522

800 720 90.0 390 16.725095861

800 720 90.0 240 16.681514888

900 810 90.0 415 19.133895831

900 809 89.88888888888889 300 18.926157849

900 814 90.44444444444444 697 19.80871862

900 819 91.0 626 19.996202883

600 546 91.0 144 14.490922727

600 545 90.83333333333333 987 13.736369915

600 546 91.0 619 13.282448816

700 630 90.0 496 15.341736462

700 637 91.0 714 15.78919611

700 626 89.42857142857143 409 15.1635647

162 132 81.48148148148148 772 3.056512245

384 309 80.46875 303 7.761170436

2058 1579 76.72497570456754 687 38.739599373

