1132 894 78.97526501766784 58 17.216038156

996 788 79.11646586345381 37 15.294382853

92 88 95.65217391304348 932 1.955561001

840 640 76.19047619047619 1 13.500836212

400 310 77.5 1 6.893386466

1000 955 95.5 756 24.805325495

1000 950 95.0 916 26.035901668

1000 952 95.19999999999999 749 25.700104615

900 893 99.22222222222223 509 21.22311761

900 890 98.88888888888889 522 20.186065394

900 892 99.11111111111111 674 19.927326843

900 897 99.66666666666667 377 19.636600295

900 898 99.77777777777777 88 19.864497753

900 899 99.8888888888889 66 20.271622614

1260 1083 85.95238095238096 993 22.271433455

1260 1075 85.31746031746032 695 21.843100433

1260 1075 85.31746031746032 969 21.047134463

1258 1067 84.81717011128775 972 21.893759711

1258 1070 85.05564387917329 924 22.325753013

1200 1027 85.58333333333333 228 24.692256167

1200 1034 86.16666666666667 294 23.113821887

1300 1113 85.61538461538461 572 26.417107185

1300 1101 84.6923076923077 196 25.492949161

1200 1040 86.66666666666667 797 24.182554428

1200 1032 86.0 391 23.850425379

800 763 95.375 480 16.030961872

800 763 95.375 428 17.131838035

800 761 95.125 56 16.958449363

800 762 95.25 175 16.523398537

900 850 94.44444444444444 134 18.377821825

900 856 95.11111111111111 67 18.486967637

800 766 95.75 101 16.162083936

800 769 96.125 161 16.076586257

800 763 95.375 689 16.55781579

800 763 95.375 374 16.310210294

900 858 95.33333333333334 138 19.654387115

900 856 95.11111111111111 160 18.979727159

900 861 95.66666666666667 820 19.089427073

900 865 96.11111111111111 230 19.302748906

600 582 97.0 348 13.364907169

600 583 97.16666666666667 380 13.261698029

600 583 97.16666666666667 287 12.924538851

700 680 97.14285714285714 624 14.631354185

700 680 97.14285714285714 352 15.315697682

700 674 96.28571428571429 185 14.725254141

162 145 89.50617283950618 61 3.186043761

384 340 88.54166666666666 65 7.654587373

2058 1709 83.04178814382897 453 42.19706346

