1132 891 78.71024734982332 98 17.568653634

996 793 79.61847389558233 145 15.670434421

92 86 93.47826086956522 45 2.007984285

840 640 76.19047619047619 1 12.727061697

400 310 77.5 1 6.4399054

1000 940 94.0 183 23.222844123

1000 937 93.7 990 23.677456234

1000 944 94.39999999999999 875 24.519581825

900 890 98.88888888888889 945 19.834764768

900 890 98.88888888888889 948 19.844664043

900 888 98.66666666666667 635 20.230771778

900 898 99.77777777777777 151 19.344281143

900 896 99.55555555555556 42 19.454269366

900 898 99.77777777777777 667 19.35979362

1260 1071 85.0 805 20.953093491

1260 1056 83.80952380952381 309 21.827447826

1260 1074 85.23809523809524 710 21.21421971

1258 1064 84.57869634340223 983 21.161071555

1258 1071 85.13513513513513 777 20.609808085

1200 1030 85.83333333333333 524 23.232414574

1200 1029 85.75 507 22.857585502

1300 1113 85.61538461538461 886 25.611578303

1300 1099 84.53846153846155 669 25.25669468

1200 1039 86.58333333333333 380 23.388689616

1200 1030 85.83333333333333 727 23.419180617

800 764 95.5 62 16.122167669

800 764 95.5 295 16.110216683

800 764 95.5 65 16.299510732

800 759 94.875 67 16.21603429

900 853 94.77777777777779 719 18.806774485

900 853 94.77777777777779 233 19.071325903

800 764 95.5 242 16.517191746

800 769 96.125 348 15.942181082

800 762 95.25 551 16.189706107

800 764 95.5 181 15.580041504

900 852 94.66666666666667 970 18.380656643

900 861 95.66666666666667 736 18.042835951

900 856 95.11111111111111 358 17.998975575

900 864 96.0 352 18.043540882

600 581 96.83333333333334 230 12.843221262

600 577 96.16666666666667 541 13.215067809

600 580 96.66666666666667 372 12.525042596

700 679 97.0 512 14.287441482

700 675 96.42857142857143 313 14.170121118

700 678 96.85714285714285 552 14.456478257

162 143 88.27160493827161 21 3.10477358

384 339 88.28125 282 6.952960989

2058 1703 82.75024295432458 827 40.731360416

