1132 893 78.886925795053 771 12.249533391

996 796 79.91967871485943 36 10.599556072

92 88 95.65217391304348 145 1.444788365

840 640 76.19047619047619 1 9.455964915

400 310 77.5 1 4.557595286

1000 945 94.5 684 16.831559043

1000 935 93.5 739 16.621738182

1000 935 93.5 962 16.93821911

900 891 99.0 289 13.769240481

900 891 99.0 672 13.6556385

900 889 98.77777777777777 651 13.714019465

900 898 99.77777777777777 42 13.273254211

900 899 99.8888888888889 75 13.611900341

900 898 99.77777777777777 215 13.6974055

1260 1059 84.04761904761905 771 15.008508831

1260 1057 83.88888888888889 430 14.721749869

1260 1062 84.28571428571429 977 15.177824901

1258 1056 83.94276629570747 774 14.861334053

1258 1070 85.05564387917329 306 14.952350771

1200 1021 85.08333333333333 447 15.717154245

1200 1031 85.91666666666666 495 15.985459877

1300 1104 84.92307692307692 727 17.815165755

1300 1104 84.92307692307692 789 17.855738329

1200 1041 86.75 709 16.418830498

1200 1024 85.33333333333334 524 16.033724773

800 764 95.5 267 10.919798656

800 763 95.375 694 11.938254167

800 764 95.5 821 11.744114357

800 764 95.5 357 11.531880598

900 850 94.44444444444444 282 13.647866235

900 853 94.77777777777779 568 12.888677416

800 766 95.75 644 11.059734097

800 765 95.625 343 11.491504522

800 763 95.375 151 11.605698836

800 764 95.5 54 11.730122454

900 859 95.44444444444444 336 12.537143234

900 859 95.44444444444444 294 12.495804614

900 859 95.44444444444444 507 13.389695742

900 861 95.66666666666667 321 13.297462513

600 581 96.83333333333334 230 9.489094915

600 584 97.33333333333334 306 9.002016059

600 579 96.5 492 9.289977416

700 675 96.42857142857143 215 9.881640341

700 676 96.57142857142857 144 9.785786972

700 677 96.71428571428572 736 10.326052935

162 145 89.50617283950618 24 2.138674409

384 340 88.54166666666666 280 5.127316491

2058 1693 82.26433430515063 745 28.861641097

