1132 870 76.85512367491167 411 17.032468885

996 767 77.00803212851406 227 15.776968842

92 77 83.69565217391305 256 1.914751124

840 640 76.19047619047619 1 13.392081223

400 310 77.5 1 6.816649798

1000 895 89.5 82 23.298633002

1000 898 89.8 955 23.332550152

1000 897 89.7 672 24.554596246

900 859 95.44444444444444 865 20.483473636

900 857 95.22222222222221 965 21.061669001

900 860 95.55555555555556 225 20.50791625

900 884 98.22222222222223 477 20.865074235

900 886 98.44444444444444 500 20.939878682

900 888 98.66666666666667 733 19.68511607

1260 974 77.3015873015873 141 21.535086849

1260 970 76.98412698412699 385 20.987741543

1260 979 77.6984126984127 317 21.778459085

1258 971 77.18600953895071 448 22.114277352

1258 975 77.50397456279809 172 21.247426733

1200 924 77.0 495 23.916730191

1200 932 77.66666666666666 846 23.476133025

1300 1008 77.53846153846153 632 26.193611704

1300 1017 78.23076923076923 481 26.646176735

1200 932 77.66666666666666 518 24.760087544

1200 928 77.33333333333333 718 24.252035728

800 717 89.625 936 16.675685368

800 721 90.125 456 17.000575143

800 722 90.25 293 16.819739065

800 728 91.0 698 16.725515085

900 814 90.44444444444444 456 18.954761452

900 810 90.0 434 18.736715652

800 722 90.25 424 16.705318842

800 727 90.875 147 16.824555761

800 718 89.75 718 17.917915094

800 718 89.75 114 17.010041689

900 810 90.0 682 18.953334543

900 810 90.0 274 18.985477869

900 812 90.22222222222223 463 19.569943374

900 810 90.0 321 19.635750615

600 540 90.0 243 14.321968319

600 546 91.0 327 14.527727393

600 543 90.5 71 12.914638422

700 630 90.0 46 15.513738828

700 633 90.42857142857143 874 15.511998485

700 633 90.42857142857143 142 15.182853051

162 131 80.8641975308642 254 3.357172703

384 308 80.20833333333334 150 7.680241487

2058 1581 76.82215743440233 946 40.695896036

