1132 872 77.03180212014135 651 17.968700753

996 768 77.10843373493977 405 15.955618708

92 79 85.86956521739131 87 2.070503387

840 640 76.19047619047619 1 13.055833911

400 309 77.25 1 6.780131766

1000 897 89.7 330 24.116105913

1000 892 89.2 91 23.839069098

1000 899 89.9 723 23.885785683

900 860 95.55555555555556 369 20.140632915

900 858 95.33333333333334 947 20.931463161

900 859 95.44444444444444 478 20.077057389

900 885 98.33333333333333 18 19.689467819

900 886 98.44444444444444 601 19.796156933

900 884 98.22222222222223 701 20.147389713

1260 995 78.96825396825396 29 21.844776459

1260 988 78.41269841269842 383 21.285322741

1260 970 76.98412698412699 60 21.897625886

1258 976 77.58346581875993 500 21.645759088

1258 968 76.94753577106518 998 21.597407348

1200 932 77.66666666666666 658 23.686103445

1200 935 77.91666666666667 221 23.346936088

1300 1013 77.92307692307693 713 26.278783172

1300 1002 77.07692307692308 123 26.416871443

1200 942 78.5 559 24.959064985

1200 944 78.66666666666666 724 24.274145164

800 719 89.875 126 17.581228671

800 715 89.375 38 17.733716575

800 721 90.125 181 17.511678806

800 721 90.125 70 16.766303201

900 810 90.0 542 19.456360122

900 807 89.66666666666666 186 18.911564767

800 719 89.875 752 16.834722114

800 723 90.375 945 17.059422355

800 721 90.125 803 17.24040486

800 732 91.5 749 16.968883312

900 812 90.22222222222223 267 19.74088504

900 818 90.88888888888889 333 19.49265701

900 817 90.77777777777779 730 18.839077864

900 812 90.22222222222223 495 19.120153552

600 540 90.0 814 14.342997761

600 547 91.16666666666666 441 14.060804378

600 547 91.16666666666666 328 13.212974319

700 631 90.14285714285715 225 16.164003575

700 632 90.28571428571428 183 15.009472378

700 634 90.57142857142857 360 14.953924334

162 131 80.8641975308642 473 2.955323281

384 301 78.38541666666666 578 7.890811182

2058 1578 76.67638483965014 421 42.125375247

