1132 873 77.12014134275618 583 17.279193324

996 774 77.71084337349397 180 15.225871983

92 78 84.78260869565217 115 2.215937277

840 640 76.19047619047619 1 13.423518391

400 310 77.5 1 6.940313045

1000 893 89.3 222 25.366567025

1000 899 89.9 617 25.689694113

1000 894 89.4 396 26.241588526

900 860 95.55555555555556 34 21.892827629

900 859 95.44444444444444 286 21.00681339

900 860 95.55555555555556 152 21.537359259

900 884 98.22222222222223 665 20.605304125

900 887 98.55555555555556 670 20.810712106

900 883 98.11111111111111 383 20.089970279

1260 971 77.06349206349206 229 23.192272449

1260 974 77.3015873015873 922 22.598202997

1260 971 77.06349206349206 814 23.165648569

1258 972 77.26550079491255 417 21.429830849

1258 969 77.02702702702703 684 22.881123859

1200 931 77.58333333333334 456 23.996701052

1200 944 78.66666666666666 981 24.778561635

1300 1010 77.6923076923077 325 27.736315331

1300 1006 77.38461538461539 264 26.340176045

1200 940 78.33333333333333 434 25.631409879

1200 929 77.41666666666667 924 24.439907524

800 723 90.375 291 17.29038507

800 722 90.25 700 17.284930028

800 718 89.75 540 16.868563079

800 720 90.0 843 17.901373463

900 808 89.77777777777777 160 19.18733233

900 809 89.88888888888889 912 19.216973388

800 718 89.75 543 17.91863169

800 723 90.375 684 17.868088907

800 721 90.125 774 17.294892868

800 718 89.75 79 17.964589703

900 808 89.77777777777777 200 20.648568756

900 807 89.66666666666666 158 20.455272635

900 809 89.88888888888889 595 20.602696165

900 806 89.55555555555556 797 19.479336524

600 545 90.83333333333333 785 14.351771968

600 542 90.33333333333333 335 14.530214284

600 549 91.5 353 13.700867124

700 634 90.57142857142857 362 15.452222906

700 630 90.0 821 15.431592446

700 628 89.71428571428571 637 15.087248182

162 131 80.8641975308642 290 3.062151209

384 301 78.38541666666666 722 7.781281809

2058 1582 76.87074829931973 606 44.613142394

