1132 891 78.71024734982332 93 11.825346896

996 794 79.71887550200803 987 11.049532115

92 86 93.47826086956522 145 1.473994704

840 640 76.19047619047619 1 8.867394087

400 310 77.5 2 4.591362861

1000 936 93.60000000000001 470 16.251920865

1000 947 94.69999999999999 1000 16.519115344

1000 928 92.80000000000001 275 16.877125069

900 886 98.44444444444444 966 13.858754135

900 886 98.44444444444444 753 13.439537744

900 891 99.0 403 14.489474055

900 898 99.77777777777777 72 13.435077797

900 897 99.66666666666667 381 13.829910082

900 898 99.77777777777777 617 13.660720304

1260 1060 84.12698412698413 179 14.613582928

1260 1050 83.33333333333334 580 15.148871025

1260 1068 84.76190476190476 871 14.718031536

1258 1061 84.34022257551669 918 14.834326575

1258 1055 83.86327503974563 919 14.688396242

1200 1022 85.16666666666667 340 15.561986283

1200 1025 85.41666666666666 501 16.114617243

1300 1104 84.92307692307692 344 18.283388791

1300 1102 84.76923076923077 611 17.27504452

1200 1030 85.83333333333333 536 16.902488113

1200 1025 85.41666666666666 601 16.954795967

800 765 95.625 154 11.157343271

800 762 95.25 143 11.331534575

800 760 95.0 678 10.834486032

800 761 95.125 73 10.95042193

900 851 94.55555555555556 904 12.615656994

900 856 95.11111111111111 157 12.433903854

800 767 95.875 560 11.596901145

800 767 95.875 655 11.138459763

800 763 95.375 643 11.735177778

800 764 95.5 606 10.855789675

900 852 94.66666666666667 227 12.355225273

900 855 95.0 461 12.909208523

900 860 95.55555555555556 822 12.128209956

900 859 95.44444444444444 226 13.078115081

600 582 97.0 346 9.756720287

600 582 97.0 635 9.255326515

600 579 96.5 597 9.091171172

700 672 96.0 426 10.145519385

700 675 96.42857142857143 213 10.873139059

700 672 96.0 836 10.396578731

162 145 89.50617283950618 372 2.07586792

384 346 90.10416666666666 111 5.51550357

2058 1683 81.77842565597668 697 29.159154175

