1132 868 76.67844522968198 542 17.350851832

996 775 77.81124497991968 536 16.10616211

92 78 84.78260869565217 17 1.916834353

840 640 76.19047619047619 1 13.063789935

400 309 77.25 1 6.656670371

1000 892 89.2 965 23.481611961

1000 896 89.60000000000001 452 24.659198622

1000 892 89.2 387 23.297342782

900 859 95.44444444444444 277 20.178574428

900 859 95.44444444444444 812 20.44268993

900 856 95.11111111111111 987 20.868167202

900 884 98.22222222222223 382 19.74853923

900 885 98.33333333333333 899 20.568515534

900 884 98.22222222222223 549 20.127155796

1260 967 76.74603174603175 229 20.627683844

1260 987 78.33333333333333 424 21.320854317

1260 981 77.85714285714286 934 20.788077047

1258 981 77.98092209856917 186 21.568493202

1258 973 77.34499205087441 737 21.29850869

1200 932 77.66666666666666 506 23.805253141

1200 948 79.0 227 24.015509537

1300 1006 77.38461538461539 3 25.900872759

1300 1008 77.53846153846153 127 25.672258933

1200 930 77.5 965 24.009105715

1200 937 78.08333333333334 499 24.167888493

800 722 90.25 953 16.724502057

800 723 90.375 4 17.349316657

800 720 90.0 130 17.212151883

800 722 90.25 382 17.348891512

900 808 89.77777777777777 470 20.090902726

900 810 90.0 391 20.195796725

800 724 90.5 793 17.569292781

800 721 90.125 580 16.766056747

800 719 89.875 138 17.011743476

800 721 90.125 963 16.990528022

900 806 89.55555555555556 544 19.09552106

900 811 90.11111111111111 484 19.172118969

900 808 89.77777777777777 184 19.496983339

900 810 90.0 783 18.987962025

600 549 91.5 657 14.175839634

600 545 90.83333333333333 661 13.785103129

600 547 91.16666666666666 21 13.69041763

700 632 90.28571428571428 474 15.182449942

700 631 90.14285714285715 421 15.301776156

700 636 90.85714285714286 394 15.199386112

162 131 80.8641975308642 199 2.909008651

384 306 79.6875 238 7.862902842

2058 1583 76.91933916423712 913 39.919899471

