1132 874 77.20848056537103 622 12.137674457

996 772 77.51004016064257 695 10.708778423

92 78 84.78260869565217 300 1.476909159

840 640 76.19047619047619 1 9.450464553

400 310 77.5 1 4.667787054

1000 901 90.10000000000001 946 16.301515769

1000 895 89.5 204 16.65109412

1000 895 89.5 227 17.57520756

900 858 95.33333333333334 678 14.009355367

900 862 95.77777777777777 368 13.768775995

900 860 95.55555555555556 213 14.757462502

900 884 98.22222222222223 418 13.367086944

900 884 98.22222222222223 878 13.517938066

900 887 98.55555555555556 295 13.998376038

1260 979 77.6984126984127 708 15.672735399

1260 979 77.6984126984127 896 15.171012227

1260 977 77.53968253968254 981 15.147639504

1258 980 77.90143084260731 284 15.205019964

1258 976 77.58346581875993 434 14.713103995

1200 943 78.58333333333334 929 17.061983526

1200 947 78.91666666666667 123 16.185163127

1300 1027 79.0 459 17.505267166

1300 1018 78.3076923076923 251 17.845993806

1200 961 80.08333333333333 169 17.354816374

1200 948 79.0 171 18.307718112

800 730 91.25 340 11.813476123

800 727 90.875 253 12.485873263

800 727 90.875 247 12.24762621

800 722 90.25 362 11.69509523

900 816 90.66666666666666 247 13.030325559

900 814 90.44444444444444 771 12.807698912

800 726 90.75 174 12.026681496

800 726 90.75 797 11.479888891

800 723 90.375 650 11.606490717

800 725 90.625 236 11.608891972

900 816 90.66666666666666 375 13.68937366

900 817 90.77777777777779 261 12.92113941

900 816 90.66666666666666 404 14.103110593

900 813 90.33333333333333 142 12.980964151

600 553 92.16666666666666 609 9.49189487

600 548 91.33333333333333 746 10.259941644

600 546 91.0 307 9.96991216

700 640 91.42857142857143 793 11.155461253

700 632 90.28571428571428 159 10.753700579

700 641 91.57142857142857 403 10.634166179

162 133 82.09876543209876 210 2.178516756

384 306 79.6875 817 5.227066586

2058 1588 77.16229348882409 654 28.624968209

