1132 873 77.12014134275618 88 17.628831718

996 772 77.51004016064257 536 15.050807584

92 78 84.78260869565217 358 1.806772411

840 640 76.19047619047619 1 12.813501293

400 310 77.5 1 6.379462576

1000 901 90.10000000000001 501 23.299525498

1000 902 90.2 140 23.282185412

1000 893 89.3 854 23.611898775

900 859 95.44444444444444 160 19.80386903

900 861 95.66666666666667 21 20.669634205

900 862 95.77777777777777 436 22.013053679

900 883 98.11111111111111 664 19.678578088

900 885 98.33333333333333 451 20.905342299

900 887 98.55555555555556 820 19.851566174

1260 995 78.96825396825396 165 21.197725584

1260 987 78.33333333333333 228 20.910042914

1260 976 77.46031746031747 530 20.815947139

1258 973 77.34499205087441 278 21.075331824

1258 976 77.58346581875993 422 21.553414593

1200 954 79.5 87 23.802019672

1200 946 78.83333333333333 93 23.335811128

1300 1026 78.92307692307692 488 25.515902711

1300 1008 77.53846153846153 907 25.649828393

1200 963 80.25 403 24.155577234

1200 957 79.75 73 23.624976666

800 723 90.375 108 16.604428537

800 726 90.75 982 16.791068343

800 725 90.625 255 16.433868722

800 732 91.5 667 16.65262358

900 815 90.55555555555556 229 18.806330563

900 820 91.11111111111111 254 18.743806904

800 726 90.75 166 16.897848357

800 722 90.25 575 16.889602341

800 724 90.5 971 16.695246431

800 724 90.5 154 16.443172589

900 820 91.11111111111111 109 18.884622154

900 816 90.66666666666666 788 19.04531949

900 810 90.0 780 18.777126337

900 814 90.44444444444444 63 19.205560152

600 548 91.33333333333333 74 14.585706309

600 546 91.0 77 13.514382096

600 548 91.33333333333333 336 13.103770032

700 636 90.85714285714286 976 14.829570416

700 639 91.28571428571428 118 15.046770865

700 635 90.71428571428571 465 14.888392791

162 135 83.33333333333334 119 2.838347873

384 306 79.6875 296 7.475898346

2058 1593 77.40524781341108 963 41.597164399

