1132 878 77.56183745583039 256 12.423898793

996 782 78.5140562248996 664 11.637134677

92 80 86.95652173913044 656 1.689236307

840 640 76.19047619047619 1 9.721002049

400 309 77.25 1 4.847616316

1000 898 89.8 342 18.107900682

1000 902 90.2 905 17.747929836

1000 896 89.60000000000001 9 19.439431667

900 860 95.55555555555556 864 14.239569992

900 863 95.88888888888889 329 14.434028212

900 863 95.88888888888889 34 14.057579261

900 886 98.44444444444444 108 14.126703038

900 885 98.33333333333333 974 13.683243924

900 883 98.11111111111111 480 13.598975131

1260 991 78.65079365079364 584 15.61617456

1260 977 77.53968253968254 832 15.231795085

1260 984 78.0952380952381 744 14.985612519

1258 984 78.21939586645469 790 15.444536751

1258 980 77.90143084260731 758 15.432462047

1200 969 80.75 531 16.614460676

1200 966 80.5 837 16.463623497

1300 1043 80.23076923076923 125 18.043898501

1300 1038 79.84615384615384 86 18.253535968

1200 973 81.08333333333333 754 16.979347974

1200 966 80.5 903 17.521223119

800 731 91.375 80 11.892809171

800 734 91.75 679 11.669448466

800 735 91.875 614 11.935658906

800 739 92.375 140 12.976997037

900 823 91.44444444444444 325 12.825125353

900 831 92.33333333333333 580 13.75424807

800 732 91.5 753 12.075333096

800 740 92.5 711 11.943299382

800 735 91.875 447 11.879112949

800 735 91.875 691 12.035863901

900 826 91.77777777777779 44 13.114930496

900 820 91.11111111111111 976 13.17486686

900 824 91.55555555555556 216 12.919635508

900 826 91.77777777777779 977 12.956201471

600 553 92.16666666666666 795 9.709619804

600 557 92.83333333333333 714 9.642252243

600 551 91.83333333333333 702 9.332964516

700 647 92.42857142857143 913 10.676733375

700 650 92.85714285714286 204 10.748278677

700 644 92.0 771 10.729168648

162 139 85.80246913580247 461 2.465169749

384 316 82.29166666666666 56 5.42862201

2058 1589 77.21088435374149 824 31.7006424

