1132 870 76.85512367491167 441 17.672137019

996 773 77.61044176706827 68 15.61565465

92 79 85.86956521739131 685 1.921312911

840 640 76.19047619047619 1 13.28544323

400 310 77.5 1 6.766827791

1000 898 89.8 378 24.006772514

1000 892 89.2 722 23.713422057

1000 892 89.2 931 24.349422361

900 857 95.22222222222221 972 20.932942688

900 860 95.55555555555556 64 20.260540229

900 861 95.66666666666667 682 20.099891228

900 885 98.33333333333333 276 20.050858781

900 883 98.11111111111111 888 20.118662299

900 885 98.33333333333333 275 20.080375814

1260 968 76.82539682539684 18 21.931438573

1260 965 76.5873015873016 581 21.577955915

1260 972 77.14285714285715 563 21.191269547

1258 967 76.86804451510334 497 21.338946069

1258 982 78.060413354531 796 21.787721307

1200 939 78.25 312 24.790985527

1200 945 78.75 905 26.054483049

1300 1009 77.61538461538461 324 25.875436642

1300 1014 78.0 120 26.627218333

1200 927 77.25 16 24.966898853

1200 946 78.83333333333333 626 25.11843621

800 720 90.0 289 16.710755221

800 738 92.25 372 16.917659003

800 724 90.5 65 16.93077128

800 725 90.625 929 16.884559866

900 811 90.11111111111111 680 19.308606631

900 809 89.88888888888889 80 20.404078422

800 717 89.625 210 17.351088441

800 717 89.625 320 17.745809884

800 718 89.75 45 16.663973546

800 728 91.0 575 16.659692083

900 816 90.66666666666666 419 18.905746023

900 811 90.11111111111111 522 19.884150923

900 821 91.22222222222223 860 19.728380795

900 816 90.66666666666666 531 19.169533436

600 544 90.66666666666666 992 14.311478946

600 538 89.66666666666666 864 15.080748936

600 548 91.33333333333333 313 13.406039866

700 638 91.14285714285715 768 15.090424204

700 641 91.57142857142857 746 15.570479717

700 640 91.42857142857143 365 15.092016281

162 135 83.33333333333334 160 2.931664684

384 310 80.72916666666666 441 7.547706301

2058 1571 76.33624878522838 929 40.986434272

