1132 868 76.67844522968198 165 12.211262703

996 767 77.00803212851406 554 10.499079409

92 77 83.69565217391305 672 1.61856817

840 640 76.19047619047619 1 9.247162181

400 310 77.5 1 5.022798668

1000 897 89.7 708 17.437303486

1000 898 89.8 544 17.821524995

1000 896 89.60000000000001 301 17.991450053

900 862 95.77777777777777 525 15.561891847

900 863 95.88888888888889 42 14.989066207

900 861 95.66666666666667 339 14.507304851

900 887 98.55555555555556 33 14.335765444

900 885 98.33333333333333 807 14.345517982

900 885 98.33333333333333 47 13.959132041

1260 979 77.6984126984127 312 15.317662021

1260 976 77.46031746031747 859 15.409708094

1260 982 77.93650793650794 703 15.203631955

1258 982 78.060413354531 49 16.081877605

1258 976 77.58346581875993 243 16.025287438

1200 947 78.91666666666667 938 17.09728388

1200 964 80.33333333333333 612 16.444627546

1300 1020 78.46153846153847 170 18.211010737

1300 1029 79.15384615384615 47 18.961726255

1200 959 79.91666666666667 723 17.663328576

1200 957 79.75 224 17.343161987

800 732 91.5 48 11.693640322

800 729 91.125 91 11.70548981

800 727 90.875 925 12.240321136

800 725 90.625 703 11.791744748

900 815 90.55555555555556 678 13.610247106

900 819 91.0 301 14.232943325

800 727 90.875 715 12.23415807

800 730 91.25 350 12.290147933

800 728 91.0 23 11.943869937

800 725 90.625 62 12.033364633

900 817 90.77777777777779 957 13.698799111

900 814 90.44444444444444 656 13.723144185

900 816 90.66666666666666 16 13.626898242

900 819 91.0 351 13.450517691

600 545 90.83333333333333 405 9.933322969

600 550 91.66666666666666 952 9.794426449

600 550 91.66666666666666 48 9.168761615

700 640 91.42857142857143 152 10.912284394

700 637 91.0 43 10.645790777

700 640 91.42857142857143 15 10.44850614

162 135 83.33333333333334 77 2.201209979

384 306 79.6875 758 5.761949687

2058 1577 76.62779397473275 311 28.398400291

