1132 872 77.03180212014135 293 12.528390942

996 775 77.81124497991968 680 10.742118606

92 78 84.78260869565217 507 1.670409758

840 640 76.19047619047619 1 9.493099575

400 310 77.5 2 5.023073321

1000 908 90.8 843 16.637647284

1000 904 90.4 629 17.184523775

1000 899 89.9 165 17.821494844

900 862 95.77777777777777 157 14.483995442

900 867 96.33333333333334 95 14.122493069

900 865 96.11111111111111 13 13.65135174

900 886 98.44444444444444 57 14.423200835

900 888 98.66666666666667 715 13.631744697

900 885 98.33333333333333 436 13.441639491

1260 988 78.41269841269842 485 15.010775354

1260 989 78.4920634920635 354 14.796656062

1260 993 78.80952380952381 283 14.83783235

1258 985 78.29888712241655 284 15.128468187

1258 986 78.37837837837837 560 14.751982153

1200 963 80.25 344 16.333398203

1200 961 80.08333333333333 386 18.02305993

1300 1040 80.0 108 18.773137213

1300 1039 79.92307692307692 798 18.922852244

1200 964 80.33333333333333 557 16.568774682

1200 969 80.75 193 17.577130936

800 733 91.625 542 11.604386892

800 730 91.25 808 12.20096159

800 731 91.375 362 12.00991092

800 743 92.875 869 11.713358734

900 821 91.22222222222223 14 13.37367324

900 831 92.33333333333333 937 13.158719914

800 737 92.125 215 11.484063029

800 728 91.0 931 11.279361333

800 735 91.875 97 11.527773823

800 737 92.125 258 11.324959066

900 829 92.11111111111111 638 13.502445381

900 816 90.66666666666666 105 13.314441326

900 826 91.77777777777779 172 12.784717387

900 831 92.33333333333333 522 12.565345555

600 552 92.0 703 9.383232357

600 554 92.33333333333333 587 9.341673522

600 557 92.83333333333333 528 9.14311244

700 644 92.0 439 10.691521004

700 652 93.14285714285714 557 10.37206752

700 647 92.42857142857143 583 10.935561049

162 141 87.03703703703704 287 2.313656847

384 316 82.29166666666666 389 5.314482519

2058 1595 77.50242954324587 415 30.070553433

