1132 894 78.97526501766784 38 17.239978169

996 796 79.91967871485943 101 15.046879861

92 86 93.47826086956522 31 1.877411046

840 640 76.19047619047619 1 13.411263692

400 310 77.5 1 6.650010902

1000 927 92.7 624 23.897261919

1000 935 93.5 983 23.864782313

1000 924 92.4 692 24.058558131

900 886 98.44444444444444 911 20.242841965

900 887 98.55555555555556 931 19.605166917

900 888 98.66666666666667 651 19.785010007

900 898 99.77777777777777 686 20.381983696

900 897 99.66666666666667 60 19.4460681

900 898 99.77777777777777 175 19.481071312

1260 1061 84.2063492063492 636 21.659160711

1260 1061 84.2063492063492 325 21.820522042

1260 1067 84.68253968253968 730 21.944545293

1258 1045 83.06836248012719 967 22.131680517

1258 1048 83.30683624801271 523 21.730825749

1200 1023 85.25 285 23.715544201

1200 1027 85.58333333333333 905 23.221125997

1300 1107 85.15384615384616 679 26.024599161

1300 1098 84.46153846153847 888 25.439848468

1200 1037 86.41666666666666 922 24.406577199

1200 1022 85.16666666666667 200 23.405065601

800 763 95.375 421 16.860491246

800 763 95.375 237 16.973613172

800 764 95.5 855 16.625372847

800 763 95.375 518 16.631663483

900 853 94.77777777777779 247 18.134066208

900 856 95.11111111111111 169 19.32368548

800 765 95.625 187 16.487977596

800 760 95.0 269 16.634051815

800 765 95.625 533 16.310832656

800 764 95.5 338 16.457952644

900 856 95.11111111111111 780 18.270374184

900 856 95.11111111111111 318 18.464310579

900 858 95.33333333333334 114 18.38124884

900 860 95.55555555555556 522 18.103277592

600 581 96.83333333333334 466 13.302168762

600 579 96.5 815 13.112684691

600 578 96.33333333333334 773 12.805217038

700 679 97.0 255 14.693402249

700 677 96.71428571428572 530 14.642154874

700 673 96.14285714285714 183 14.253342554

162 145 89.50617283950618 26 3.023858553

384 340 88.54166666666666 106 7.14856137

2058 1693 82.26433430515063 348 41.893776155

