1132 871 76.9434628975265 591 12.395554231

996 765 76.80722891566265 919 10.424610255

92 79 85.86956521739131 308 1.641284427

840 640 76.19047619047619 1 9.089241492

400 310 77.5 1 4.731894919

1000 896 89.60000000000001 120 17.159720739

1000 901 90.10000000000001 514 17.303950142

1000 898 89.8 992 17.206323749

900 858 95.33333333333334 316 13.898782624

900 863 95.88888888888889 664 14.081360521

900 859 95.44444444444444 169 13.658337074

900 884 98.22222222222223 888 13.394448354

900 887 98.55555555555556 148 14.054579609

900 885 98.33333333333333 34 13.734814407

1260 982 77.93650793650794 364 14.431277892

1260 979 77.6984126984127 432 14.829621651

1260 976 77.46031746031747 200 14.742635178

1258 977 77.66295707472179 49 15.359352442

1258 975 77.50397456279809 731 14.875262291

1200 949 79.08333333333334 761 15.980220231

1200 959 79.91666666666667 683 16.792361691

1300 1023 78.6923076923077 842 17.671242837

1300 1012 77.84615384615384 489 17.983059528

1200 946 78.83333333333333 918 17.364721099

1200 963 80.25 610 16.496077723

800 727 90.875 69 11.893242214

800 726 90.75 115 11.710426496

800 727 90.875 16 11.814935946

800 724 90.5 723 11.826006097

900 812 90.22222222222223 107 13.330424698

900 822 91.33333333333333 175 13.265451564

800 726 90.75 963 11.574402963

800 731 91.375 504 11.348400601

800 723 90.375 28 13.071655122

800 732 91.5 575 12.472158417

900 814 90.44444444444444 71 12.947821357

900 815 90.55555555555556 258 12.904857776

900 817 90.77777777777779 578 13.077852767

900 819 91.0 184 12.897872309

600 546 91.0 896 9.883746789

600 546 91.0 399 9.643601448

600 552 92.0 613 9.729073184

700 640 91.42857142857143 103 10.757801935

700 638 91.14285714285715 419 10.807874809

700 634 90.57142857142857 545 10.38873943

162 135 83.33333333333334 248 2.308081717

384 306 79.6875 575 5.141386274

2058 1590 77.25947521865889 213 27.948080692

