1132 893 78.886925795053 678 11.923545775

996 792 79.51807228915662 881 11.086527936

92 86 93.47826086956522 33 1.594009027

840 640 76.19047619047619 1 9.245359267

400 310 77.5 2 4.868991894

1000 952 95.19999999999999 743 17.574596743

1000 944 94.39999999999999 850 17.438555339

1000 952 95.19999999999999 761 17.800507219

900 889 98.77777777777777 292 14.626772393

900 892 99.11111111111111 841 13.872407556

900 891 99.0 784 14.540013204

900 898 99.77777777777777 190 13.437768962

900 898 99.77777777777777 264 13.434730514

900 899 99.8888888888889 249 13.847456664

1260 1078 85.55555555555556 221 15.27542939

1260 1070 84.92063492063492 837 15.613091441

1260 1082 85.87301587301587 928 16.194305152

1258 1073 85.29411764705883 730 15.762878313

1258 1068 84.8966613672496 841 14.929521038

1200 1023 85.25 572 16.102871817

1200 1033 86.08333333333333 117 16.040645311

1300 1111 85.46153846153847 774 18.358500379

1300 1108 85.23076923076923 636 18.294286612

1200 1041 86.75 443 17.198528409

1200 1037 86.41666666666666 715 16.971058338

800 765 95.625 202 11.731928804

800 764 95.5 696 11.830488783

800 759 94.875 410 11.424420977

800 761 95.125 902 11.269947808

900 852 94.66666666666667 375 13.008410574

900 854 94.88888888888889 683 13.437227572

800 765 95.625 564 11.445041636

800 769 96.125 98 11.448036563

800 765 95.625 244 11.483732618

800 765 95.625 565 11.200561628

900 854 94.88888888888889 80 12.721128599

900 858 95.33333333333334 334 12.671245752

900 854 94.88888888888889 243 12.663264478

900 858 95.33333333333334 157 12.710902964

600 584 97.33333333333334 104 9.467145635

600 583 97.16666666666667 94 9.504349413

600 580 96.66666666666667 118 9.137249603

700 675 96.42857142857143 105 10.774809902

700 678 96.85714285714285 215 10.722632406

700 673 96.14285714285714 107 10.438247966

162 145 89.50617283950618 64 2.211237382

384 340 88.54166666666666 151 6.198957276

2058 1723 83.72206025267249 275 31.015195167

