1132 872 77.03180212014135 836 18.440030291

996 765 76.80722891566265 137 15.155233117

92 78 84.78260869565217 210 1.82636538

840 640 76.19047619047619 1 13.590830374

400 310 77.5 1 6.5949921

1000 897 89.7 755 23.873695816

1000 897 89.7 537 23.699827108

1000 899 89.9 660 23.95977813

900 858 95.33333333333334 371 20.244161258

900 859 95.44444444444444 373 20.078181002

900 860 95.55555555555556 108 19.970355707

900 885 98.33333333333333 138 20.004204798

900 886 98.44444444444444 708 19.769951851

900 884 98.22222222222223 133 19.814126145

1260 976 77.46031746031747 707 21.693755749

1260 980 77.77777777777779 52 20.68739398

1260 980 77.77777777777779 521 21.078409814

1258 975 77.50397456279809 144 21.778903271

1258 976 77.58346581875993 468 20.964851398

1200 953 79.41666666666667 526 24.103436693

1200 951 79.25 235 23.311715435

1300 1019 78.38461538461539 917 25.780783998

1300 1018 78.3076923076923 318 26.037851372

1200 959 79.91666666666667 209 24.226650146

1200 956 79.66666666666666 754 23.959697992

800 724 90.5 851 17.10569184

800 730 91.25 152 16.896431402

800 734 91.75 318 16.594684957

800 732 91.5 321 16.594221152

900 821 91.22222222222223 638 18.694300212

900 816 90.66666666666666 65 18.745745666

800 732 91.5 799 16.887454408

800 726 90.75 785 17.603052536

800 726 90.75 175 16.625254919

800 728 91.0 574 17.526055553

900 817 90.77777777777779 26 19.130712367

900 812 90.22222222222223 139 18.954718737

900 812 90.22222222222223 778 18.59095144

900 821 91.22222222222223 136 19.155024462

600 549 91.5 961 13.675082063

600 552 92.0 83 14.084209802

600 553 92.16666666666666 684 13.253119192

700 638 91.14285714285715 190 14.952677039

700 636 90.85714285714286 929 15.052132031

700 638 91.14285714285715 130 15.00183352

162 137 84.5679012345679 72 2.898302937

384 304 79.16666666666666 526 7.710724953

2058 1585 77.01652089407192 319 39.333486024

