1132 892 78.79858657243817 33 17.249304722

996 793 79.61847389558233 405 15.460828746

92 86 93.47826086956522 34 1.861734525

840 640 76.19047619047619 1 12.887710109

400 310 77.5 2 6.591535012

1000 935 93.5 104 23.057642171

1000 934 93.4 649 23.681977359

1000 931 93.10000000000001 845 23.969896805

900 888 98.66666666666667 898 19.419536645

900 888 98.66666666666667 767 19.738226889

900 887 98.55555555555556 313 19.852043507

900 897 99.66666666666667 252 19.32514168

900 899 99.8888888888889 579 19.946940399

900 897 99.66666666666667 44 19.333170542

1260 1061 84.2063492063492 833 20.43281324

1260 1054 83.65079365079366 289 21.10689426

1260 1067 84.68253968253968 920 20.937895049

1258 1047 83.22734499205087 928 20.606796479

1258 1061 84.34022257551669 834 21.369780227

1200 1021 85.08333333333333 644 23.297829356

1200 1028 85.66666666666667 503 22.654452286

1300 1105 85.0 628 25.293578378

1300 1093 84.07692307692308 192 25.414902144

1200 1034 86.16666666666667 967 23.681884456

1200 1018 84.83333333333334 452 23.007351428

800 760 95.0 94 16.201928311

800 764 95.5 219 16.227449209

800 762 95.25 167 16.221378929

800 759 94.875 494 16.752225119

900 852 94.66666666666667 847 19.150050861

900 856 95.11111111111111 309 18.345850449

800 766 95.75 498 16.500895357

800 769 96.125 184 15.881579618

800 766 95.75 651 16.486278555

800 766 95.75 302 16.030546264

900 859 95.44444444444444 510 18.196193588

900 859 95.44444444444444 118 18.720338962

900 859 95.44444444444444 84 18.443715195

900 864 96.0 250 18.354523279

600 577 96.16666666666667 337 12.829131045

600 582 97.0 549 13.489165888

600 583 97.16666666666667 609 12.5702937

700 677 96.71428571428572 977 14.404354111

700 678 96.85714285714285 134 14.48986363

700 675 96.42857142857143 597 14.175290756

162 145 89.50617283950618 15 2.729267051

384 344 89.58333333333334 692 6.967536344

2058 1698 82.5072886297376 380 40.538736516

