1132 877 77.47349823321554 236 18.483899017

996 773 77.61044176706827 769 15.7870307

92 79 85.86956521739131 953 2.193889174

840 640 76.19047619047619 1 13.622602544

400 310 77.5 1 6.917268029

1000 902 90.2 99 26.02422088

1000 897 89.7 540 24.933277756

1000 895 89.5 453 25.312409328

900 861 95.66666666666667 454 20.774626965

900 861 95.66666666666667 68 21.816829754

900 861 95.66666666666667 331 21.274629078

900 885 98.33333333333333 354 20.49635672

900 885 98.33333333333333 8 21.485292058

900 885 98.33333333333333 653 19.858968741

1260 992 78.73015873015873 315 21.728453436

1260 987 78.33333333333333 81 24.06941586

1260 986 78.25396825396825 902 21.404550063

1258 985 78.29888712241655 797 22.594712541

1258 979 77.82193958664547 578 22.097086957

1200 955 79.58333333333333 141 23.780297348

1200 981 81.75 557 23.62067118

1300 1043 80.23076923076923 296 27.13599875

1300 1034 79.53846153846153 669 26.250508686

1200 965 80.41666666666667 623 24.447222431

1200 973 81.08333333333333 421 24.333352784

800 735 91.875 320 16.928590058

800 739 92.375 681 16.879057048

800 738 92.25 166 16.866276899

800 737 92.125 208 17.664082815

900 815 90.55555555555556 467 18.564496232

900 823 91.44444444444444 919 19.257291323

800 735 91.875 818 18.094345697

800 744 93.0 863 16.63630851

800 730 91.25 888 17.039232444

800 737 92.125 43 17.41047592

900 825 91.66666666666666 475 18.88568659

900 821 91.22222222222223 695 19.652966792

900 825 91.66666666666666 442 18.832188845

900 828 92.0 754 19.30582445

600 557 92.83333333333333 866 13.973813685

600 557 92.83333333333333 64 13.974977496

600 555 92.5 199 13.87073363

700 645 92.14285714285714 474 15.96750594

700 654 93.42857142857143 826 15.252145928

700 644 92.0 968 14.938038873

162 139 85.80246913580247 152 3.054437432

384 316 82.29166666666666 86 7.81267084

2058 1596 77.55102040816327 61 40.783921962

