1132 894 78.97526501766784 533 17.485296953

996 796 79.91967871485943 77 15.358770036

92 88 95.65217391304348 878 1.9691553

840 640 76.19047619047619 1 13.4464981

400 310 77.5 1 6.789709778

1000 931 93.10000000000001 579 24.210649724

1000 941 94.1 934 24.172485675

1000 940 94.0 455 24.533630696

900 893 99.22222222222223 617 20.203936062

900 891 99.0 385 19.869038222

900 892 99.11111111111111 444 20.218550553

900 897 99.66666666666667 41 19.695404785

900 899 99.8888888888889 225 19.927575158

900 897 99.66666666666667 55 20.028223365

1260 1061 84.2063492063492 616 21.776951156

1260 1072 85.07936507936508 800 22.243758882

1260 1070 84.92063492063492 520 21.439357539

1258 1055 83.86327503974563 960 21.227544409

1258 1066 84.73767885532591 481 21.628486216

1200 1022 85.16666666666667 872 23.33433831

1200 1034 86.16666666666667 253 23.051576745

1300 1111 85.46153846153847 284 25.591724845

1300 1104 84.92307692307692 315 25.519558117

1200 1041 86.75 592 24.160308055

1200 1023 85.25 475 23.828264744

800 763 95.375 150 16.030677668

800 764 95.5 83 16.753739162

800 760 95.0 373 16.208106193

800 764 95.5 613 16.107325337

900 853 94.77777777777779 197 18.573115165

900 856 95.11111111111111 212 18.417320474

800 763 95.375 932 16.47626072

800 762 95.25 114 16.438838472

800 763 95.375 344 16.67141716

800 765 95.625 319 16.195068981

900 858 95.33333333333334 344 20.121508975

900 852 94.66666666666667 708 18.496401273

900 861 95.66666666666667 260 18.133680633

900 861 95.66666666666667 130 19.32786566

600 582 97.0 117 13.691289561

600 582 97.0 311 13.12177525

600 578 96.33333333333334 831 12.628664565

700 676 96.57142857142857 413 15.013390178

700 680 97.14285714285714 850 14.29717106

700 679 97.0 507 14.256056448

162 145 89.50617283950618 697 3.255331685

384 342 89.0625 787 7.500570448

2058 1707 82.94460641399417 804 42.280931449

