1132 869 76.76678445229682 562 12.387456742

996 771 77.40963855421687 133 11.35913265

92 78 84.78260869565217 358 1.661616682

840 640 76.19047619047619 1 9.215705157

400 310 77.5 1 4.747639142

1000 894 89.4 156 17.340737532

1000 895 89.5 580 17.359806299

1000 891 89.1 412 17.7733976

900 859 95.44444444444444 33 14.569175393

900 863 95.88888888888889 35 14.309849337

900 861 95.66666666666667 612 14.729908451

900 887 98.55555555555556 405 14.363245994

900 882 98.0 39 14.348770155

900 886 98.44444444444444 160 13.881412313

1260 970 76.98412698412699 270 15.129379269

1260 976 77.46031746031747 883 15.195812269

1260 987 78.33333333333333 197 15.890311387

1258 988 78.53736089030207 306 14.978690152

1258 969 77.02702702702703 759 15.642332061

1200 958 79.83333333333333 223 17.257603574

1200 945 78.75 451 17.243487915

1300 1037 79.76923076923077 469 18.10510207

1300 1016 78.15384615384615 638 18.762197423

1200 942 78.5 873 17.432775193

1200 958 79.83333333333333 151 16.885355219

800 727 90.875 598 11.973170127

800 723 90.375 587 11.71900552

800 724 90.5 535 11.689535957

800 726 90.75 838 12.110503818

900 811 90.11111111111111 773 13.060434627

900 816 90.66666666666666 682 13.243385374

800 728 91.0 764 12.424839078

800 722 90.25 252 11.713185853

800 723 90.375 35 11.722642726

800 727 90.875 170 11.959154383

900 828 92.0 40 13.439058411

900 814 90.44444444444444 108 13.325835626

900 817 90.77777777777779 130 13.757770322

900 816 90.66666666666666 210 12.962872301

600 549 91.5 284 9.970011253

600 549 91.5 517 10.403755476

600 552 92.0 221 9.540349494

700 639 91.28571428571428 768 10.714620933

700 641 91.57142857142857 988 10.886126712

700 634 90.57142857142857 20 11.187810373

162 133 82.09876543209876 90 2.435595992

384 310 80.72916666666666 823 5.349967494

2058 1579 76.72497570456754 949 28.826991977

