1132 894 78.97526501766784 360 11.697686254

996 796 79.91967871485943 619 10.429096022

92 86 93.47826086956522 35 1.568985854

840 640 76.19047619047619 1 10.805167136

400 310 77.5 1 4.818683566

1000 934 93.4 143 17.771994616

1000 929 92.9 495 16.462200967

1000 927 92.7 472 16.759307719

900 883 98.11111111111111 925 13.47216965

900 883 98.11111111111111 247 13.572273883

900 883 98.11111111111111 505 13.469944133

900 898 99.77777777777777 383 13.931806373

900 898 99.77777777777777 936 13.982690809

900 898 99.77777777777777 326 13.756625466

1260 1050 83.33333333333334 949 14.240113094

1260 1039 82.46031746031746 949 14.603231089

1260 1057 83.88888888888889 994 15.306649954

1258 1053 83.70429252782195 883 14.736496842

1258 1044 82.98887122416534 754 14.615311257

1200 1016 84.66666666666667 854 15.96155826

1200 1020 85.0 209 15.562488284

1300 1094 84.15384615384616 633 17.132071391

1300 1087 83.61538461538461 620 17.23938635

1200 1027 85.58333333333333 556 17.195429613

1200 1017 84.75 913 16.027276168

800 757 94.625 219 11.568436719

800 763 95.375 881 12.101202489

800 761 95.125 125 11.375038689

800 759 94.875 291 10.975706794

900 852 94.66666666666667 971 12.668123022

900 856 95.11111111111111 190 12.724442882

800 763 95.375 269 11.140007751

800 766 95.75 141 11.486914965

800 761 95.125 951 12.452069482

800 763 95.375 733 11.104657572

900 854 94.88888888888889 658 12.750769005

900 852 94.66666666666667 707 12.97216138

900 857 95.22222222222221 198 12.681758678

900 857 95.22222222222221 214 12.919067235

600 577 96.16666666666667 490 9.185717519

600 579 96.5 548 8.877032427

600 578 96.33333333333334 536 9.250985056

700 674 96.28571428571429 571 10.973863724

700 676 96.57142857142857 579 10.808048241

700 671 95.85714285714285 804 9.885980182

162 145 89.50617283950618 37 2.174690104

384 340 88.54166666666666 915 4.892596594

2058 1667 81.00097181729835 724 27.772700554

