1132 891 78.71024734982332 40 11.758257218

996 793 79.61847389558233 112 11.033990035

92 86 93.47826086956522 21 1.551703867

840 640 76.19047619047619 1 10.063100843

400 310 77.5 1 4.790814522

1000 956 95.6 1000 17.077787741

1000 937 93.7 544 17.551599846

1000 941 94.1 868 17.374795924

900 889 98.77777777777777 526 14.794394198

900 887 98.55555555555556 814 14.293448963

900 889 98.77777777777777 930 13.642280062

900 899 99.8888888888889 38 13.948836421

900 898 99.77777777777777 254 13.442738763

900 898 99.77777777777777 75 13.231504036

1260 1069 84.84126984126983 634 16.626723776

1260 1064 84.44444444444444 887 15.052284352

1260 1067 84.68253968253968 981 15.742758435

1258 1062 84.41971383147853 421 15.260953937

1258 1065 84.65818759936407 572 15.9133375

1200 1021 85.08333333333333 307 16.172467095

1200 1031 85.91666666666666 135 16.832469133

1300 1105 85.0 812 18.497112775

1300 1099 84.53846153846155 554 18.663565832

1200 1039 86.58333333333333 216 17.102633246

1200 1023 85.25 335 16.883456223

800 761 95.125 752 11.183889846

800 764 95.5 58 11.974213596

800 760 95.0 56 11.66055757

800 764 95.5 121 12.315054057

900 853 94.77777777777779 190 12.671366885

900 853 94.77777777777779 566 12.640270496

800 766 95.75 129 12.201634282

800 769 96.125 243 11.240610214

800 764 95.5 114 11.377710323

800 765 95.625 384 11.303247911

900 854 94.88888888888889 229 12.663678065

900 856 95.11111111111111 139 12.999595149

900 859 95.44444444444444 257 12.53989083

900 863 95.88888888888889 932 13.922526188

600 583 97.16666666666667 229 9.270341208

600 581 96.83333333333334 207 9.861385937

600 580 96.66666666666667 226 10.05197254

700 680 97.14285714285714 965 10.13477328

700 679 97.0 660 10.427742001

700 676 96.57142857142857 179 10.150388034

162 145 89.50617283950618 22 2.19260173

384 344 89.58333333333334 75 5.374329996

2058 1701 82.6530612244898 701 29.750419085

