1132 872 77.03180212014135 635 17.478762289

996 781 78.4136546184739 825 15.078529926

92 80 86.95652173913044 64 1.792219357

840 640 76.19047619047619 1 12.909629914

400 310 77.5 1 6.808025293

1000 898 89.8 985 24.108110149

1000 900 90.0 998 24.373677863

1000 902 90.2 288 23.914249083

900 861 95.66666666666667 209 20.755693671

900 868 96.44444444444444 862 20.049057653

900 865 96.11111111111111 195 20.229523396

900 885 98.33333333333333 101 20.825222673

900 885 98.33333333333333 512 20.420241591

900 886 98.44444444444444 357 20.877112957

1260 978 77.61904761904762 105 20.816166438

1260 979 77.6984126984127 580 20.883264389

1260 979 77.6984126984127 493 21.254808279

1258 983 78.13990461049285 759 21.529191206

1258 980 77.90143084260731 458 20.84016539

1200 958 79.83333333333333 460 23.724717196

1200 968 80.66666666666666 765 23.345659783

1300 1032 79.38461538461539 432 25.794524527

1300 1033 79.46153846153847 182 25.32975548

1200 969 80.75 475 24.329933595

1200 963 80.25 565 23.579162616

800 726 90.75 315 16.825781431

800 733 91.625 215 17.640418519

800 729 91.125 196 16.713650145

800 731 91.375 398 17.077614564

900 819 91.0 64 18.844691398

900 819 91.0 960 18.971259194

800 738 92.25 131 16.693758246

800 735 91.875 418 16.488614206

800 731 91.375 388 16.830856665

800 735 91.875 91 16.580165373

900 822 91.33333333333333 313 18.59108536

900 816 90.66666666666666 174 19.287358814

900 827 91.88888888888889 647 18.589600458

900 822 91.33333333333333 600 18.410284887

600 552 92.0 628 13.563633576

600 548 91.33333333333333 429 13.744503422

600 552 92.0 95 12.813235006

700 639 91.28571428571428 756 14.927604213

700 638 91.14285714285715 591 14.649731134

700 644 92.0 676 14.6340401

162 139 85.80246913580247 799 3.005613729

384 308 80.20833333333334 71 7.511799393

2058 1609 78.1827016520894 621 40.819949366

