1132 861 76.06007067137809 613 17.042351751

996 768 77.10843373493977 479 14.964931172

92 76 82.6086956521739 85 1.898703

840 640 76.19047619047619 1 12.751059558

400 310 77.5 3 6.960129723

1000 900 90.0 249 24.493034934

1000 895 89.5 665 23.358437353

1000 900 90.0 39 24.114753138

900 858 95.33333333333334 996 20.110250043

900 866 96.22222222222221 69 20.229798327

900 860 95.55555555555556 499 20.215198876

900 885 98.33333333333333 8 20.451005757

900 883 98.11111111111111 201 19.950223557

900 884 98.22222222222223 508 20.644035125

1260 976 77.46031746031747 58 21.088381372

1260 974 77.3015873015873 55 20.952005408

1260 970 76.98412698412699 964 20.987909696

1258 975 77.50397456279809 588 21.914644562

1258 974 77.42448330683625 644 21.372833215

1200 941 78.41666666666667 182 23.749289579

1200 944 78.66666666666666 366 23.70789083

1300 1004 77.23076923076924 796 26.340657456

1300 999 76.84615384615384 2 26.015708392

1200 935 77.91666666666667 149 24.121714393

1200 942 78.5 910 24.058385783

800 730 91.25 298 17.109151633

800 722 90.25 275 17.136193489

800 718 89.75 212 17.119901565

800 714 89.25 359 17.141653445

900 812 90.22222222222223 563 18.884180787

900 811 90.11111111111111 427 19.038820571

800 727 90.875 128 17.190538617

800 726 90.75 685 17.699153317

800 721 90.125 760 16.769208383

800 717 89.625 244 16.855451108

900 822 91.33333333333333 576 19.143716169

900 810 90.0 694 19.547832475

900 808 89.77777777777777 850 18.678510019

900 814 90.44444444444444 11 18.69627032

600 536 89.33333333333333 54 14.711405355

600 535 89.16666666666667 263 13.655821873

600 548 91.33333333333333 234 13.366637361

700 633 90.42857142857143 29 15.63776282

700 642 91.71428571428571 886 16.452820422

700 633 90.42857142857143 857 15.499035853

162 133 82.09876543209876 868 2.882090106

384 309 80.46875 174 7.949890653

2058 1579 76.72497570456754 52 41.499796317

