1132 869 76.76678445229682 974 18.081427006

996 765 76.80722891566265 331 15.74475279

92 80 86.95652173913044 739 2.314847651

840 640 76.19047619047619 1 13.421812695

400 309 77.25 2 6.856551186

1000 902 90.2 594 25.272890606

1000 895 89.5 432 24.560549995

1000 895 89.5 306 24.869706835

900 861 95.66666666666667 100 21.702197922

900 861 95.66666666666667 740 21.025024249

900 859 95.44444444444444 269 20.705947395

900 889 98.77777777777777 941 20.079840357

900 885 98.33333333333333 70 20.290279229

900 882 98.0 726 20.615549098

1260 979 77.6984126984127 635 21.826934799

1260 976 77.46031746031747 998 21.754021608

1260 973 77.22222222222223 449 22.997341016

1258 972 77.26550079491255 916 21.79611255

1258 982 78.060413354531 257 22.269844747

1200 940 78.33333333333333 227 24.371367241

1200 948 79.0 609 24.115509287

1300 1009 77.61538461538461 127 26.950175683

1300 1007 77.46153846153845 126 26.176080121

1200 937 78.08333333333334 327 24.434175786

1200 935 77.91666666666667 59 24.832020412

800 718 89.75 419 16.800487728

800 721 90.125 440 17.482268473

800 725 90.625 121 17.879819881

800 727 90.875 387 17.083009613

900 802 89.11111111111111 42 19.105942172

900 816 90.66666666666666 475 19.67119848

800 721 90.125 164 17.159913478

800 720 90.0 26 17.962987159

800 719 89.875 14 17.604334087

800 723 90.375 908 17.326099356

900 819 91.0 245 19.671071259

900 810 90.0 809 19.922141097

900 811 90.11111111111111 446 19.37037274

900 810 90.0 81 19.829709493

600 546 91.0 736 13.947312712

600 539 89.83333333333333 531 14.685731963

600 543 90.5 462 13.589433123

700 631 90.14285714285715 133 15.513512188

700 631 90.14285714285715 810 15.76896704

700 635 90.71428571428571 479 15.228789654

162 131 80.8641975308642 455 2.977006285

384 304 79.16666666666666 14 7.680425209

2058 1571 76.33624878522838 116 41.017922313

