1132 872 77.03180212014135 120 12.595842463

996 771 77.40963855421687 629 11.285547039

92 78 84.78260869565217 540 1.729433663

840 640 76.19047619047619 1 9.355352062

400 310 77.5 1 5.257095277

1000 896 89.60000000000001 396 20.104076204

1000 896 89.60000000000001 427 17.984222025

1000 900 90.0 686 18.557208824

900 862 95.77777777777777 282 14.797960689

900 862 95.77777777777777 27 14.209218941

900 863 95.88888888888889 800 14.161640205

900 886 98.44444444444444 193 13.747473444

900 888 98.66666666666667 153 14.141165584

900 882 98.0 847 14.270532121

1260 981 77.85714285714286 549 15.787818468

1260 986 78.25396825396825 614 15.669601106

1260 989 78.4920634920635 325 15.716482875

1258 982 78.060413354531 89 16.480989825

1258 979 77.82193958664547 827 16.117456488

1200 952 79.33333333333333 621 17.001283637

1200 953 79.41666666666667 341 16.777506869

1300 1022 78.61538461538461 746 18.222923837

1300 1034 79.53846153846153 700 18.631713282

1200 983 81.91666666666667 1000 17.233506562

1200 944 78.66666666666666 572 17.279283791

800 731 91.375 382 11.832049453

800 725 90.625 106 12.080413973

800 726 90.75 287 11.646358637

800 726 90.75 516 12.321034987

900 815 90.55555555555556 549 14.048235867

900 819 91.0 672 13.930580966

800 729 91.125 281 12.14051289

800 727 90.875 209 12.099385978

800 727 90.875 124 12.224756104

800 729 91.125 847 12.43662037

900 824 91.55555555555556 421 13.703964855

900 814 90.44444444444444 762 13.807846102

900 822 91.33333333333333 311 13.205141973

900 823 91.44444444444444 425 13.350468371

600 546 91.0 657 10.107256707

600 545 90.83333333333333 684 10.114706789

600 547 91.16666666666666 644 9.279621042

700 639 91.28571428571428 172 10.652996806

700 636 90.85714285714286 432 11.724548131

700 636 90.85714285714286 899 10.508123267

162 133 82.09876543209876 510 2.430127397

384 306 79.6875 803 5.99773745

2058 1586 77.06511175898932 870 31.998243046

