1132 867 76.59010600706713 802 18.314314453

996 762 76.50602409638554 355 15.21648094

92 75 81.52173913043478 226 2.271611084

840 640 76.19047619047619 1 14.102753148

400 310 77.5 1 6.694920888

1000 895 89.5 306 26.197753663

1000 894 89.4 609 26.66865845

1000 895 89.5 509 25.541613065

900 862 95.77777777777777 564 21.406118292

900 861 95.66666666666667 460 20.256351638

900 857 95.22222222222221 61 20.330124027

900 884 98.22222222222223 547 19.783112009

900 884 98.22222222222223 701 20.355845303

900 883 98.11111111111111 171 20.402458407

1260 978 77.61904761904762 627 22.581316137

1260 973 77.22222222222223 864 22.522859219

1260 971 77.06349206349206 346 22.238256734

1258 972 77.26550079491255 674 22.660092579

1258 976 77.58346581875993 822 21.669920288

1200 938 78.16666666666666 587 24.026450797

1200 942 78.5 771 23.92884574

1300 1007 77.46153846153845 859 25.696711641

1300 1013 77.92307692307693 7 26.218929301

1200 935 77.91666666666667 964 25.458530058

1200 944 78.66666666666666 990 24.433959347

800 721 90.125 133 16.835490262

800 722 90.25 834 18.589436454

800 718 89.75 580 17.314411887

800 730 91.25 571 17.868421405

900 808 89.77777777777777 986 19.58236888

900 810 90.0 868 19.92661919

800 738 92.25 1000 17.265925356

800 721 90.125 579 17.2076096

800 721 90.125 767 18.136279672

800 726 90.75 54 18.54657138

900 808 89.77777777777777 814 20.748017866

900 809 89.88888888888889 133 19.65175116

900 810 90.0 651 19.35941537

900 809 89.88888888888889 108 19.590669682

600 549 91.5 597 14.455141099

600 551 91.83333333333333 240 15.342366635

600 539 89.83333333333333 402 13.225147488

700 634 90.57142857142857 62 15.255881329

700 631 90.14285714285715 587 15.285190891

700 636 90.85714285714286 740 15.358178666

162 133 82.09876543209876 139 2.971373987

384 304 79.16666666666666 83 8.070993101

2058 1586 77.06511175898932 245 41.726350547

