1132 873 77.12014134275618 305 18.110499385

996 771 77.40963855421687 948 16.092237864

92 78 84.78260869565217 833 2.126872383

840 640 76.19047619047619 1 12.932942394

400 309 77.25 2 7.511895908

1000 895 89.5 457 24.720323688

1000 896 89.60000000000001 949 25.243443979

1000 893 89.3 421 24.717257639

900 861 95.66666666666667 815 20.432233767

900 856 95.11111111111111 213 20.572707282

900 860 95.55555555555556 778 20.504101271

900 883 98.11111111111111 10 20.975962956

900 887 98.55555555555556 711 19.97865271

900 886 98.44444444444444 906 20.640822797

1260 963 76.42857142857142 555 21.821968234

1260 975 77.38095238095238 93 22.713904745

1260 974 77.3015873015873 552 21.978984404

1258 973 77.34499205087441 507 22.640841581

1258 973 77.34499205087441 54 22.314146817

1200 934 77.83333333333333 160 24.595554685

1200 932 77.66666666666666 828 24.347337529

1300 1014 78.0 234 26.252889933

1300 1016 78.15384615384615 933 27.312781251

1200 938 78.16666666666666 125 24.718540291

1200 939 78.25 356 25.26585559

800 723 90.375 83 17.106451799

800 723 90.375 711 17.670329389

800 720 90.0 366 17.317912399

800 733 91.625 182 18.235756387

900 805 89.44444444444444 98 18.957411011

900 810 90.0 712 19.679830398

800 726 90.75 95 17.747512177

800 724 90.5 391 17.604920636

800 716 89.5 682 17.921910116

800 726 90.75 894 17.624449024

900 818 90.88888888888889 526 19.932045834

900 814 90.44444444444444 828 19.641513978

900 804 89.33333333333333 48 20.000620313

900 812 90.22222222222223 827 19.035581109

600 542 90.33333333333333 786 15.556298407

600 549 91.5 384 15.098452567

600 545 90.83333333333333 219 13.952678956

700 635 90.71428571428571 978 16.223008297

700 633 90.42857142857143 76 17.057351691

700 634 90.57142857142857 521 15.758948462

162 131 80.8641975308642 968 3.19592699

384 300 78.125 177 7.563794918

2058 1578 76.67638483965014 785 40.751833369

