1132 877 77.47349823321554 442 18.936345579

996 766 76.90763052208835 954 15.888070077

92 77 83.69565217391305 102 1.866140041

840 640 76.19047619047619 1 13.490907674

400 310 77.5 1 7.33045532

1000 900 90.0 246 24.095525524

1000 899 89.9 122 23.996827543

1000 897 89.7 821 24.78580555

900 858 95.33333333333334 71 21.138103361

900 864 96.0 174 20.686044433

900 864 96.0 966 20.06858165

900 885 98.33333333333333 277 19.825448891

900 887 98.55555555555556 86 20.571152858

900 884 98.22222222222223 466 19.595195874

1260 988 78.41269841269842 324 21.03006012

1260 978 77.61904761904762 351 21.995888329

1260 982 77.93650793650794 555 21.374981007

1258 979 77.82193958664547 413 20.676058199

1258 982 78.060413354531 403 20.963662616

1200 947 78.91666666666667 676 23.494188098

1200 954 79.5 582 23.251419477

1300 1023 78.6923076923077 700 25.270827112

1300 1021 78.53846153846153 481 25.580784215

1200 952 79.33333333333333 467 24.106885959

1200 954 79.5 409 23.947164729

800 726 90.75 754 16.592778233

800 732 91.5 356 17.422631075

800 729 91.125 82 16.51244127

800 728 91.0 786 17.263124313

900 818 90.88888888888889 361 18.913170058

900 812 90.22222222222223 525 18.776636166

800 733 91.625 452 18.066992733

800 732 91.5 954 17.032037595

800 725 90.625 155 16.756592659

800 724 90.5 675 17.680620756

900 822 91.33333333333333 506 19.384150495

900 828 92.0 683 19.053248775

900 819 91.0 164 19.156096977

900 823 91.44444444444444 740 18.654648697

600 549 91.5 175 13.617150834

600 551 91.83333333333333 998 13.529866417

600 549 91.5 741 12.75976435

700 640 91.42857142857143 491 15.710956681

700 635 90.71428571428571 44 15.568520562

700 640 91.42857142857143 903 15.057557159

162 135 83.33333333333334 310 3.032506135

384 311 80.98958333333334 14 7.418216758

2058 1597 77.59961127308065 410 41.367914158

