1132 877 77.47349823321554 163 17.836813441

996 775 77.81124497991968 479 15.640557955

92 80 86.95652173913044 373 2.167126986

840 640 76.19047619047619 1 13.116259219

400 310 77.5 1 6.523643009

1000 900 90.0 495 23.854868262

1000 899 89.9 147 24.21545354

1000 898 89.8 539 23.562335275

900 864 96.0 556 20.503303583

900 862 95.77777777777777 41 20.074540194

900 863 95.88888888888889 475 19.923131528

900 885 98.33333333333333 484 20.024651683

900 884 98.22222222222223 95 19.953520261

900 885 98.33333333333333 768 19.62882627

1260 984 78.0952380952381 926 21.150418112

1260 983 78.01587301587301 878 21.144587971

1260 980 77.77777777777779 109 20.61551021

1258 984 78.21939586645469 744 21.294642314

1258 979 77.82193958664547 939 20.853323247

1200 953 79.41666666666667 524 23.703427005

1200 986 82.16666666666667 816 23.285397196

1300 1044 80.3076923076923 917 25.363762695

1300 1031 79.3076923076923 863 25.441713192

1200 972 81.0 275 23.735288543

1200 957 79.75 625 23.624932917

800 735 91.875 694 16.395903606

800 741 92.625 290 17.658029472

800 737 92.125 513 16.614780095

800 737 92.125 492 17.020807917

900 825 91.66666666666666 530 18.611914031

900 826 91.77777777777779 59 18.616926627

800 735 91.875 879 16.677428946

800 737 92.125 443 16.50659045

800 735 91.875 911 16.589861129

800 738 92.25 527 17.452707853

900 828 92.0 484 18.767762496

900 827 91.88888888888889 166 19.19540822

900 825 91.66666666666666 643 18.954042013

900 831 92.33333333333333 205 19.005735298

600 555 92.5 663 13.669633466

600 556 92.66666666666666 871 14.020455671

600 555 92.5 908 13.283446961

700 647 92.42857142857143 728 14.999983376

700 644 92.0 625 14.769306512

700 650 92.85714285714286 109 15.274337853

162 139 85.80246913580247 67 2.86353937

384 310 80.72916666666666 387 7.530355997

2058 1619 78.66861030126337 895 40.053963927

