1132 866 76.5017667844523 329 18.614773475

996 766 76.90763052208835 962 15.703159641

92 80 86.95652173913044 143 2.365785545

840 640 76.19047619047619 1 13.746866604

400 310 77.5 1 7.588578035

1000 890 89.0 323 26.023233605

1000 897 89.7 825 25.597329682

1000 897 89.7 690 26.321791865

900 859 95.44444444444444 274 21.582233708

900 862 95.77777777777777 31 21.054751053

900 858 95.33333333333334 180 21.174472583

900 885 98.33333333333333 467 19.851707517

900 883 98.11111111111111 17 20.287443858

900 881 97.88888888888889 319 20.378482061

1260 964 76.5079365079365 745 24.152459043

1260 978 77.61904761904762 739 23.560391959

1260 973 77.22222222222223 73 22.902911517

1258 988 78.53736089030207 978 22.534933424

1258 976 77.58346581875993 260 22.253233732

1200 932 77.66666666666666 521 25.553295381

1200 938 78.16666666666666 294 24.29924297

1300 1018 78.3076923076923 659 26.306533717

1300 1030 79.23076923076923 791 26.747956295

1200 934 77.83333333333333 29 24.711144201

1200 934 77.83333333333333 613 26.050337542

800 727 90.875 929 18.396827057

800 717 89.625 53 17.760467107

800 729 91.125 166 17.795971673

800 723 90.375 981 17.236066304

900 809 89.88888888888889 769 19.202504572

900 809 89.88888888888889 905 19.969486113

800 727 90.875 112 18.176122121

800 726 90.75 56 17.566371163

800 719 89.875 410 17.257393782

800 723 90.375 865 17.409516594

900 814 90.44444444444444 56 19.380106053

900 816 90.66666666666666 270 19.287823948

900 816 90.66666666666666 219 18.967698243

900 811 90.11111111111111 575 18.892638367

600 549 91.5 27 14.756413375

600 544 90.66666666666666 496 14.204248897

600 545 90.83333333333333 613 13.727084322

700 630 90.0 380 16.163631901

700 627 89.57142857142857 529 16.001102275

700 635 90.71428571428571 537 15.346881674

162 137 84.5679012345679 215 3.414510828

384 308 80.20833333333334 496 7.646230564

2058 1577 76.62779397473275 353 42.624982575

