1132 870 76.85512367491167 55 17.858747505

996 765 76.80722891566265 449 15.43046928

92 76 82.6086956521739 318 2.029414673

840 640 76.19047619047619 1 13.789537106

400 310 77.5 1 6.943322979

1000 897 89.7 447 25.037272977

1000 897 89.7 414 25.068087335

1000 891 89.1 32 24.68809924

900 860 95.55555555555556 870 20.499157769

900 861 95.66666666666667 731 20.664922654

900 861 95.66666666666667 529 21.446414202

900 885 98.33333333333333 980 20.144034091

900 884 98.22222222222223 377 20.308166329

900 887 98.55555555555556 338 20.602072002

1260 980 77.77777777777779 273 22.88643048

1260 974 77.3015873015873 667 21.932467843

1260 974 77.3015873015873 567 21.3742718

1258 970 77.10651828298887 315 22.175057296

1258 981 77.98092209856917 556 23.104821428

1200 948 79.0 970 24.241899601

1200 951 79.25 969 24.367242044

1300 1030 79.23076923076923 476 26.928231504

1300 1028 79.07692307692308 314 28.534517668

1200 965 80.41666666666667 935 24.904091007

1200 945 78.75 438 25.6984856

800 725 90.625 256 16.977517757

800 733 91.625 212 17.21947087

800 730 91.25 40 17.628866696

800 735 91.875 449 17.085632762

900 814 90.44444444444444 255 20.116232829

900 822 91.33333333333333 998 19.371514074

800 732 91.5 823 17.173630212

800 730 91.25 783 17.822635219

800 725 90.625 902 17.152385954

800 727 90.875 942 17.017565968

900 815 90.55555555555556 500 19.33872414

900 823 91.44444444444444 826 21.194543784

900 823 91.44444444444444 55 18.878083864

900 823 91.44444444444444 749 19.715924719

600 549 91.5 791 14.380637797

600 549 91.5 111 14.611058114

600 543 90.5 633 13.370570265

700 642 91.71428571428571 220 15.859725774

700 637 91.0 104 15.410792695

700 634 90.57142857142857 65 15.635476556

162 135 83.33333333333334 446 2.990965192

384 312 81.25 147 8.043730944

2058 1603 77.89115646258503 212 40.69223824

