1132 880 77.73851590106007 384 12.042723227

996 768 77.10843373493977 188 10.984626784

92 79 85.86956521739131 716 1.549879445

840 640 76.19047619047619 1 9.322875041

400 310 77.5 1 4.747854704

1000 897 89.7 818 18.016159962

1000 895 89.5 23 18.068668934

1000 899 89.9 379 16.905548319

900 863 95.88888888888889 442 14.068151745

900 864 96.0 251 13.896199929

900 859 95.44444444444444 569 13.676827476

900 884 98.22222222222223 995 14.737366014

900 884 98.22222222222223 341 13.509203733

900 889 98.77777777777777 464 13.745661392

1260 978 77.61904761904762 802 15.968545429

1260 983 78.01587301587301 90 15.421017358

1260 990 78.57142857142857 199 14.68716717

1258 981 77.98092209856917 990 15.71500577

1258 974 77.42448330683625 305 14.458085412

1200 936 78.0 910 16.326696171

1200 964 80.33333333333333 119 16.178790982

1300 1019 78.38461538461539 661 17.578753218

1300 1017 78.23076923076923 419 17.806537002

1200 951 79.25 475 16.955890467

1200 949 79.08333333333334 296 16.855046745

800 726 90.75 672 11.704042327

800 728 91.0 48 11.482281978

800 725 90.625 346 11.61317928

800 729 91.125 450 12.006295212

900 815 90.55555555555556 185 13.182867371

900 819 91.0 319 13.61306775

800 724 90.5 653 12.262445782

800 730 91.25 328 11.83316226

800 726 90.75 177 11.957725685

800 727 90.875 982 11.659580764

900 816 90.66666666666666 498 12.899771635

900 815 90.55555555555556 345 13.671818485

900 816 90.66666666666666 272 12.776457965

900 819 91.0 868 13.661601594

600 551 91.83333333333333 367 10.198368255

600 549 91.5 855 9.54467709

600 549 91.5 245 9.486995692

700 637 91.0 731 11.332878931

700 641 91.57142857142857 91 10.400674688

700 638 91.14285714285715 788 10.566162613

162 133 82.09876543209876 205 2.200463328

384 313 81.51041666666666 62 5.427887486

2058 1592 77.35665694849368 118 29.32865444

