1132 874 77.20848056537103 316 17.826050574

996 771 77.40963855421687 680 15.800410525

92 76 82.6086956521739 14 2.233296534

840 640 76.19047619047619 1 13.497617313

400 310 77.5 2 6.913818053

1000 896 89.60000000000001 681 24.76703634

1000 898 89.8 401 24.912633594

1000 898 89.8 294 25.073624607

900 858 95.33333333333334 291 20.49053176

900 863 95.88888888888889 516 20.692579474

900 858 95.33333333333334 618 20.389117732

900 886 98.44444444444444 764 20.034239452

900 885 98.33333333333333 143 20.12092991

900 883 98.11111111111111 508 19.929632629

1260 984 78.0952380952381 147 21.917374151

1260 969 76.90476190476191 233 22.590876111

1260 970 76.98412698412699 979 22.152806508

1258 981 77.98092209856917 474 22.622952861

1258 981 77.98092209856917 266 21.999019638

1200 946 78.83333333333333 477 24.441680714

1200 935 77.91666666666667 738 24.234038597

1300 1001 77.0 53 26.616967205

1300 1021 78.53846153846153 49 26.469806075

1200 931 77.58333333333334 705 24.967353422

1200 941 78.41666666666667 358 25.988766421

800 727 90.875 513 17.35852725

800 716 89.5 166 17.484384072

800 721 90.125 60 16.982967119

800 717 89.625 717 16.894029544

900 812 90.22222222222223 280 19.347604304

900 806 89.55555555555556 373 20.908093427

800 719 89.875 723 17.666528929

800 724 90.5 925 17.751868655

800 721 90.125 530 17.976432528

800 727 90.875 623 17.685695554

900 822 91.33333333333333 506 19.567501419

900 813 90.33333333333333 814 20.119775572

900 809 89.88888888888889 716 19.118146727

900 818 90.88888888888889 915 19.120543934

600 547 91.16666666666666 202 14.718554618

600 545 90.83333333333333 935 14.831547805

600 544 90.66666666666666 584 14.027096304

700 631 90.14285714285715 705 15.357381673

700 631 90.14285714285715 339 15.864418969

700 637 91.0 269 15.014578582

162 131 80.8641975308642 373 3.118808012

384 306 79.6875 252 7.645564806

2058 1587 77.1137026239067 67 41.718469914

