1132 890 78.62190812720848 74 17.065546009

996 796 79.91967871485943 193 15.716893476

92 86 93.47826086956522 533 1.895498523

840 640 76.19047619047619 1 13.869379602

400 310 77.5 1 6.776463451

1000 928 92.80000000000001 229 23.465881696

1000 922 92.2 841 23.50946141

1000 930 93.0 421 23.495387578

900 885 98.33333333333333 967 19.523365951

900 884 98.22222222222223 70 19.499499803

900 881 97.88888888888889 736 19.287822434

900 896 99.55555555555556 734 19.915379009

900 898 99.77777777777777 129 19.386297519

900 897 99.66666666666667 271 19.725084061

1260 1036 82.22222222222221 566 21.09686638

1260 1056 83.80952380952381 981 21.385545753

1260 1041 82.61904761904762 828 21.145109471

1258 1044 82.98887122416534 817 21.589127421

1258 1049 83.38632750397457 644 21.113290569

1200 1015 84.58333333333333 937 23.536492391

1200 1021 85.08333333333333 770 23.785331516

1300 1098 84.46153846153847 674 25.325571078

1300 1085 83.46153846153847 708 24.79947894

1200 1023 85.25 955 23.423661623

1200 1012 84.33333333333334 380 23.568250245

800 763 95.375 110 16.251252555

800 763 95.375 664 16.131687916

800 762 95.25 400 16.53583557

800 764 95.5 284 15.967801719

900 852 94.66666666666667 312 18.61079756

900 853 94.77777777777779 568 18.553175341

800 759 94.875 140 16.283877828

800 765 95.625 683 16.22112937

800 762 95.25 168 16.304847904

800 763 95.375 293 15.742195602

900 852 94.66666666666667 258 18.892871285

900 855 95.0 248 18.086960887

900 857 95.22222222222221 494 17.762070155

900 864 96.0 271 18.242338081

600 580 96.66666666666667 357 12.695581707

600 577 96.16666666666667 310 12.663503281

600 577 96.16666666666667 474 12.9936485

700 677 96.71428571428572 778 14.577822321

700 675 96.42857142857143 935 15.087272236

700 674 96.28571428571429 707 14.283537458

162 143 88.27160493827161 15 2.994641286

384 340 88.54166666666666 199 6.977875474

2058 1673 81.29251700680273 825 40.413483679

