1132 875 77.29681978798587 704 12.233596508

996 773 77.61044176706827 799 10.427159551

92 78 84.78260869565217 165 1.686553634

840 640 76.19047619047619 1 9.545039565

400 310 77.5 1 5.126822865

1000 897 89.7 427 17.342570732

1000 897 89.7 521 17.388029046

1000 895 89.5 89 17.500980861

900 861 95.66666666666667 396 14.101542419

900 858 95.33333333333334 675 14.28863632

900 863 95.88888888888889 473 14.92875399

900 885 98.33333333333333 948 13.778163214

900 888 98.66666666666667 489 14.129403343

900 886 98.44444444444444 169 13.922529268

1260 999 79.28571428571428 908 16.119735271

1260 980 77.77777777777779 770 15.928892874

1260 992 78.73015873015873 445 15.62528614

1258 975 77.50397456279809 425 16.238460392

1258 976 77.58346581875993 245 15.572386332

1200 961 80.08333333333333 510 17.077060917

1200 965 80.41666666666667 119 17.083659022

1300 1046 80.46153846153847 706 19.363800915

1300 1036 79.6923076923077 136 18.589326582

1200 962 80.16666666666666 926 17.988574399

1200 951 79.25 207 17.579058698

800 732 91.5 177 11.44617008

800 740 92.5 964 12.734338834

800 728 91.0 191 11.618390489

800 742 92.75 990 11.568939998

900 816 90.66666666666666 796 13.480262708

900 827 91.88888888888889 536 13.333400494

800 733 91.625 928 11.688441635

800 742 92.75 593 11.744183488

800 730 91.25 862 11.916476799

800 735 91.875 554 11.716989614

900 821 91.22222222222223 269 13.700975622

900 823 91.44444444444444 192 13.379336815

900 819 91.0 337 13.356221392

900 825 91.66666666666666 140 13.93535151

600 550 91.66666666666666 743 9.840001945

600 551 91.83333333333333 767 10.354648368

600 554 92.33333333333333 238 9.72886657

700 643 91.85714285714286 757 10.452892643

700 648 92.57142857142857 603 10.794375701

700 652 93.14285714285714 64 10.771020222

162 141 87.03703703703704 688 2.228038662

384 309 80.46875 37 5.580051985

2058 1595 77.50242954324587 410 29.360079929

