1132 870 76.85512367491167 481 17.949311288

996 769 77.20883534136547 288 16.007248313

92 76 82.6086956521739 667 1.960105182

840 640 76.19047619047619 1 12.845505644

400 310 77.5 2 7.244404388

1000 901 90.10000000000001 868 24.516787594

1000 903 90.3 199 24.623567883

1000 896 89.60000000000001 230 25.230253735

900 862 95.77777777777777 816 20.20823496

900 858 95.33333333333334 288 20.570251423

900 862 95.77777777777777 209 20.475544993

900 883 98.11111111111111 530 20.019246032

900 884 98.22222222222223 674 19.962818532

900 884 98.22222222222223 656 20.674628195

1260 979 77.6984126984127 892 21.826956797

1260 965 76.5873015873016 742 22.071859075

1260 978 77.61904761904762 154 21.765169012

1258 972 77.26550079491255 173 21.453023336

1258 976 77.58346581875993 161 21.567840718

1200 940 78.33333333333333 659 23.895239273

1200 948 79.0 907 24.077126484

1300 1014 78.0 774 26.637141202

1300 1006 77.38461538461539 721 26.285777289

1200 929 77.41666666666667 110 25.325707052

1200 946 78.83333333333333 728 24.989743523

800 715 89.375 87 16.912959604

800 724 90.5 2 16.949110877

800 722 90.25 364 17.595941754

800 718 89.75 123 17.015017856

900 810 90.0 713 19.002616359

900 815 90.55555555555556 194 19.589620451

800 717 89.625 838 16.95338986

800 728 91.0 811 17.818750565

800 721 90.125 389 18.143398479

800 717 89.625 875 16.936403394

900 813 90.33333333333333 525 19.749836966

900 811 90.11111111111111 507 19.696740171

900 821 91.22222222222223 592 19.447466043

900 812 90.22222222222223 400 19.650072616

600 546 91.0 586 14.241644144

600 544 90.66666666666666 673 14.935869443

600 544 90.66666666666666 298 13.99288593

700 636 90.85714285714286 456 15.126620043

700 635 90.71428571428571 786 15.648322892

700 634 90.57142857142857 266 15.140095877

162 130 80.24691358024691 471 3.104314335

384 302 78.64583333333334 657 7.709105291

2058 1579 76.72497570456754 453 43.080626703

