1132 869 76.76678445229682 36 17.838933089

996 772 77.51004016064257 234 16.028956327

92 77 83.69565217391305 142 2.207992982

840 640 76.19047619047619 1 13.47050628

400 309 77.25 4 6.710310192

1000 896 89.60000000000001 459 23.404592671

1000 894 89.4 195 24.301596512

1000 892 89.2 817 23.759594107

900 857 95.22222222222221 342 21.141731802

900 862 95.77777777777777 491 21.079278687

900 859 95.44444444444444 726 20.9979799

900 883 98.11111111111111 628 20.347989197

900 886 98.44444444444444 187 21.582695598

900 887 98.55555555555556 638 20.335594336

1260 972 77.14285714285715 164 20.835198444

1260 975 77.38095238095238 87 21.993317468

1260 984 78.0952380952381 482 20.868071496

1258 983 78.13990461049285 810 22.785210009

1258 969 77.02702702702703 998 21.533025584

1200 944 78.66666666666666 661 24.229803277

1200 949 79.08333333333334 788 23.532110876

1300 1004 77.23076923076924 901 25.824523625

1300 1005 77.3076923076923 28 26.255869967

1200 940 78.33333333333333 367 24.069560071

1200 940 78.33333333333333 479 24.170368612

800 731 91.375 736 17.213407114

800 723 90.375 879 16.921468062

800 722 90.25 936 17.499432931

800 722 90.25 441 17.345477236

900 807 89.66666666666666 113 19.300957014

900 811 90.11111111111111 220 19.792107134

800 726 90.75 247 17.63094718

800 718 89.75 345 17.09413176

800 721 90.125 191 16.940796723

800 727 90.875 923 17.466621631

900 807 89.66666666666666 186 18.909106354

900 809 89.88888888888889 178 19.187843577

900 814 90.44444444444444 378 18.712830859

900 822 91.33333333333333 170 19.35332355

600 542 90.33333333333333 460 13.95923634

600 541 90.16666666666666 442 14.541736353

600 547 91.16666666666666 547 14.25921369

700 637 91.0 98 15.98005505

700 634 90.57142857142857 771 15.276094526

700 633 90.42857142857143 176 15.232714748

162 133 82.09876543209876 745 3.153682767

384 300 78.125 516 7.688645506

2058 1588 77.16229348882409 660 40.602731547

