1132 871 76.9434628975265 209 17.900034852

996 769 77.20883534136547 525 15.768773798

92 76 82.6086956521739 207 2.128518217

840 640 76.19047619047619 1 13.443234313

400 309 77.25 1 6.56894837

1000 901 90.10000000000001 90 24.885828715

1000 902 90.2 817 24.467814664

1000 900 90.0 101 24.985199019

900 862 95.77777777777777 907 20.627432612

900 861 95.66666666666667 457 20.04148171

900 857 95.22222222222221 858 20.657965823

900 885 98.33333333333333 211 19.783952962

900 888 98.66666666666667 144 20.037598265

900 887 98.55555555555556 30 19.945727818

1260 978 77.61904761904762 683 22.160189986

1260 984 78.0952380952381 275 21.702902669

1260 973 77.22222222222223 995 21.78853726

1258 971 77.18600953895071 261 21.77482318

1258 976 77.58346581875993 968 22.221372751

1200 953 79.41666666666667 345 24.259154262

1200 953 79.41666666666667 963 24.400923663

1300 1021 78.53846153846153 364 26.691109953

1300 1026 78.92307692307692 311 25.947557411

1200 957 79.75 46 24.353829889

1200 956 79.66666666666666 593 24.55269062

800 726 90.75 108 16.887712755

800 726 90.75 952 16.900164352

800 730 91.25 914 16.875634652

800 730 91.25 431 17.412168716

900 814 90.44444444444444 442 19.322744099

900 815 90.55555555555556 504 19.207698302

800 725 90.625 31 17.022128257

800 734 91.75 310 17.145679853

800 728 91.0 344 17.0665555

800 731 91.375 281 16.939080766

900 812 90.22222222222223 207 19.057270898

900 819 91.0 218 19.391798112

900 808 89.77777777777777 261 19.14243238

900 814 90.44444444444444 610 19.075273859

600 547 91.16666666666666 487 13.874342963

600 545 90.83333333333333 674 14.147856733

600 546 91.0 825 13.674416121

700 636 90.85714285714286 358 15.941857906

700 637 91.0 84 15.427029363

700 635 90.71428571428571 292 14.829288369

162 135 83.33333333333334 953 2.882871295

384 306 79.6875 623 7.829480996

2058 1599 77.69679300291546 495 40.407839911

