1132 866 76.5017667844523 825 17.551988073

996 767 77.00803212851406 969 15.368326512

92 76 82.6086956521739 28 1.923740442

840 640 76.19047619047619 1 12.771734386

400 310 77.5 1 6.851371057

1000 892 89.2 908 25.270345229

1000 903 90.3 928 23.888211295

1000 894 89.4 631 23.964446717

900 861 95.66666666666667 609 20.000071297

900 854 94.88888888888889 258 20.151796332

900 863 95.88888888888889 771 21.298806039

900 891 99.0 555 19.731644678

900 885 98.33333333333333 170 19.857619914

900 887 98.55555555555556 685 19.761383706

1260 971 77.06349206349206 416 21.568646518

1260 980 77.77777777777779 79 22.395958743

1260 977 77.53968253968254 269 21.227061092

1258 968 76.94753577106518 67 21.595647627

1258 976 77.58346581875993 311 21.249657462

1200 942 78.5 730 23.921468633

1200 947 78.91666666666667 645 25.787220713

1300 1009 77.61538461538461 492 26.200949454

1300 1005 77.3076923076923 692 26.155217716

1200 938 78.16666666666666 837 24.483614276

1200 938 78.16666666666666 581 24.259375087

800 724 90.5 107 17.035451512

800 726 90.75 136 18.161836083

800 720 90.0 149 17.648609336

800 726 90.75 437 16.825170739

900 805 89.44444444444444 297 19.205393895

900 821 91.22222222222223 645 18.864635427

800 721 90.125 965 18.211860009

800 724 90.5 68 17.734689741

800 719 89.875 275 16.983503066

800 720 90.0 694 16.814496472

900 815 90.55555555555556 654 19.911346732

900 810 90.0 976 19.596038893

900 811 90.11111111111111 177 18.756191546

900 810 90.0 235 19.319684806

600 542 90.33333333333333 68 13.746134173

600 544 90.66666666666666 873 13.749680016

600 542 90.33333333333333 430 12.985517688

700 631 90.14285714285715 390 15.765025103

700 634 90.57142857142857 127 15.71664798

700 629 89.85714285714286 10 15.216272194

162 133 82.09876543209876 131 2.957803041

384 300 78.125 613 7.437091961

2058 1585 77.01652089407192 817 40.139002013

