1132 875 77.29681978798587 41 13.142098336

996 770 77.30923694779116 304 11.499465553

92 79 85.86956521739131 808 1.606797261

840 640 76.19047619047619 1 9.480156309

400 309 77.25 1 4.748891721

1000 899 89.9 721 17.180949139

1000 903 90.3 52 17.662512987

1000 894 89.4 770 17.288130547

900 862 95.77777777777777 138 14.631211502

900 859 95.44444444444444 805 14.314523583

900 860 95.55555555555556 200 14.259741945

900 887 98.55555555555556 923 14.555298955

900 886 98.44444444444444 468 14.035636674

900 886 98.44444444444444 410 14.296773442

1260 980 77.77777777777779 884 15.080502636

1260 990 78.57142857142857 632 15.746758903

1260 978 77.61904761904762 338 15.416068739

1258 980 77.90143084260731 796 15.64629297

1258 975 77.50397456279809 968 15.254895

1200 950 79.16666666666666 34 17.592245117

1200 957 79.75 73 17.380458544

1300 1024 78.76923076923077 482 18.728073568

1300 1033 79.46153846153847 563 19.415745722

1200 963 80.25 596 17.783661984

1200 959 79.91666666666667 418 18.598994722

800 738 92.25 84 11.608868513

800 733 91.625 413 12.100695995

800 725 90.625 238 11.78669276

800 733 91.625 338 11.351234038

900 818 90.88888888888889 362 13.65637479

900 825 91.66666666666666 372 13.074912031

800 733 91.625 743 11.75741977

800 736 92.0 709 11.64196222

800 729 91.125 141 11.657621792

800 736 92.0 396 11.573956011

900 821 91.22222222222223 80 13.166188594

900 821 91.22222222222223 909 13.381509414

900 823 91.44444444444444 268 13.363995667

900 828 92.0 720 13.421189778

600 555 92.5 256 9.933868184

600 551 91.83333333333333 715 9.910315793

600 554 92.33333333333333 218 9.155172445

700 646 92.28571428571428 891 10.673865678

700 643 91.85714285714286 55 10.722119141

700 640 91.42857142857143 279 10.78841811

162 135 83.33333333333334 531 2.176616501

384 306 79.6875 567 5.238800311

2058 1586 77.06511175898932 42 29.64679322

