1132 873 77.12014134275618 423 11.829105086

996 771 77.40963855421687 957 10.735070326

92 80 86.95652173913044 182 1.527056453

840 640 76.19047619047619 1 9.565836376

400 310 77.5 1 4.80608114

1000 900 90.0 5 16.304438082

1000 902 90.2 762 16.929751855

1000 897 89.7 737 16.855653411

900 860 95.55555555555556 380 14.00289449

900 860 95.55555555555556 305 13.664085584

900 866 96.22222222222221 144 14.495021648

900 888 98.66666666666667 746 13.936489154

900 886 98.44444444444444 252 13.866020179

900 883 98.11111111111111 41 14.568616024

1260 977 77.53968253968254 42 15.305059472

1260 979 77.6984126984127 512 15.939749844

1260 978 77.61904761904762 102 16.13773287

1258 986 78.37837837837837 810 14.671110834

1258 976 77.58346581875993 737 15.838033162

1200 952 79.33333333333333 961 16.523105916

1200 968 80.66666666666666 645 16.286095365

1300 1028 79.07692307692308 51 18.18382198

1300 1026 78.92307692307692 985 17.530350438

1200 954 79.5 631 16.793822574

1200 954 79.5 950 16.660125992

800 731 91.375 690 11.519661718

800 732 91.5 467 11.508730481

800 729 91.125 573 11.431904752

800 735 91.875 338 12.367970611

900 818 90.88888888888889 711 13.048122477

900 824 91.55555555555556 317 13.017733443

800 732 91.5 248 11.523103147

800 730 91.25 808 11.711497847

800 731 91.375 648 12.555092883

800 730 91.25 159 11.6677833

900 823 91.44444444444444 284 13.399665054

900 822 91.33333333333333 506 13.841958734

900 824 91.55555555555556 683 12.692843594

900 823 91.44444444444444 244 12.6340331

600 552 92.0 273 9.934537481

600 557 92.83333333333333 147 9.523039414

600 552 92.0 302 9.816768869

700 640 91.42857142857143 589 10.223767481

700 644 92.0 814 10.479853771

700 639 91.28571428571428 560 10.311812544

162 139 85.80246913580247 394 2.128905339

384 308 80.20833333333334 987 5.358020172

2058 1595 77.50242954324587 368 29.671611295

