1132 875 77.29681978798587 287 18.048963904

996 771 77.40963855421687 501 16.347119252

92 81 88.04347826086956 33 1.943739957

840 640 76.19047619047619 1 12.923901948

400 310 77.5 1 6.69119746

1000 898 89.8 126 24.465152679

1000 899 89.9 202 24.230293366

1000 899 89.9 500 24.77248957

900 860 95.55555555555556 113 20.878590158

900 860 95.55555555555556 552 20.551522411

900 859 95.44444444444444 624 20.082735647

900 887 98.55555555555556 76 21.494903723

900 887 98.55555555555556 333 19.87263891

900 888 98.66666666666667 151 19.833630538

1260 985 78.17460317460318 689 21.769857655

1260 984 78.0952380952381 50 21.279467693

1260 979 77.6984126984127 572 21.121840032

1258 978 77.74244833068363 349 21.632639385

1258 980 77.90143084260731 57 22.177378548

1200 950 79.16666666666666 124 24.405554299

1200 978 81.5 895 23.849387752

1300 1037 79.76923076923077 863 25.75894601

1300 1037 79.76923076923077 257 26.305411131

1200 970 80.83333333333333 972 24.538934458

1200 969 80.75 209 24.713463512

800 736 92.0 935 16.460353416

800 734 91.75 291 16.885223141

800 739 92.375 245 16.737580473

800 733 91.625 44 17.41263106

900 819 91.0 74 19.682594881

900 822 91.33333333333333 259 18.883518337

800 735 91.875 911 17.116390768

800 732 91.5 740 16.791829809

800 735 91.875 134 17.200656613

800 735 91.875 623 16.906011635

900 825 91.66666666666666 514 18.893971003

900 822 91.33333333333333 772 19.236806418

900 830 92.22222222222223 439 19.254757342

900 821 91.22222222222223 791 18.689803949

600 549 91.5 518 13.802378625

600 555 92.5 445 14.023418448

600 556 92.66666666666666 311 13.592288898

700 641 91.57142857142857 499 15.780610414

700 644 92.0 149 15.127059407

700 645 92.14285714285714 819 16.012486866

162 143 88.27160493827161 100 2.972451462

384 310 80.72916666666666 279 7.683633415

2058 1601 77.79397473275024 426 41.958703546

