1132 869 76.76678445229682 728 17.103946886

996 767 77.00803212851406 146 15.184613099

92 77 83.69565217391305 451 2.024536086

840 640 76.19047619047619 1 13.507000313

400 309 77.25 1 6.852382311

1000 892 89.2 619 26.762979803

1000 894 89.4 504 25.656212539

1000 891 89.1 973 24.861274826

900 858 95.33333333333334 106 20.868498722

900 860 95.55555555555556 866 20.962119784

900 859 95.44444444444444 391 20.839175439

900 887 98.55555555555556 46 20.434480714

900 887 98.55555555555556 496 20.40156703

900 886 98.44444444444444 175 21.331648664

1260 977 77.53968253968254 829 21.199212946

1260 983 78.01587301587301 223 21.22402707

1260 973 77.22222222222223 624 22.680995669

1258 970 77.10651828298887 138 21.90604396

1258 976 77.58346581875993 984 23.056623473

1200 923 76.91666666666667 537 24.211071339

1200 930 77.5 343 25.434662482

1300 1010 77.6923076923077 188 26.158664354

1300 1009 77.61538461538461 43 25.869416935

1200 930 77.5 456 24.819644548

1200 932 77.66666666666666 230 24.671071228

800 722 90.25 284 18.547697085

800 723 90.375 257 18.112111171

800 715 89.375 364 17.466611576

800 718 89.75 410 18.259509383

900 811 90.11111111111111 880 19.88074739

900 811 90.11111111111111 568 19.466016501

800 723 90.375 399 18.993668066

800 724 90.5 665 16.902077253

800 719 89.875 62 17.258952929

800 721 90.125 409 18.036697987

900 815 90.55555555555556 852 20.736053846

900 815 90.55555555555556 57 19.890467235

900 809 89.88888888888889 887 18.978989969

900 819 91.0 600 19.132919712

600 544 90.66666666666666 255 13.971992907

600 547 91.16666666666666 69 14.85798473

600 543 90.5 930 13.573651543

700 633 90.42857142857143 793 16.192688571

700 633 90.42857142857143 683 16.416527072

700 637 91.0 599 15.234300042

162 131 80.8641975308642 563 2.967675312

384 302 78.64583333333334 164 7.643974662

2058 1577 76.62779397473275 848 41.302734515

