1132 870 76.85512367491167 249 18.139421106

996 770 77.30923694779116 258 16.421517778

92 77 83.69565217391305 390 1.983327449

840 640 76.19047619047619 1 13.473655993

400 309 77.25 2 6.586035389

1000 897 89.7 17 24.324025914

1000 895 89.5 753 25.54825712

1000 894 89.4 436 24.901186329

900 855 95.0 786 20.297833504

900 857 95.22222222222221 885 21.538947083

900 857 95.22222222222221 90 21.148333538

900 887 98.55555555555556 838 20.586879343

900 883 98.11111111111111 355 20.027203888

900 884 98.22222222222223 243 20.219022234

1260 973 77.22222222222223 954 23.255611952

1260 989 78.4920634920635 113 22.640612054

1260 979 77.6984126984127 481 22.602296129

1258 973 77.34499205087441 117 22.651471425

1258 972 77.26550079491255 839 23.285020733

1200 960 80.0 367 24.553032079

1200 951 79.25 484 24.371529547

1300 1025 78.84615384615384 633 26.613012406

1300 1027 79.0 67 26.455928226

1200 963 80.25 899 25.639513985

1200 949 79.08333333333334 120 24.316362234

800 726 90.75 365 16.622391387

800 725 90.625 422 17.559595942

800 724 90.5 407 16.705576601

800 730 91.25 349 17.655438258

900 813 90.33333333333333 679 19.205345443

900 820 91.11111111111111 64 18.929670927

800 723 90.375 140 17.01949096

800 722 90.25 659 17.027123238

800 730 91.25 230 17.754757643

800 732 91.5 256 17.917173705

900 817 90.77777777777779 483 19.838462346

900 822 91.33333333333333 254 19.586037438

900 814 90.44444444444444 278 19.808172927

900 817 90.77777777777779 16 19.125561049

600 550 91.66666666666666 85 14.203540566

600 550 91.66666666666666 443 13.86049395

600 547 91.16666666666666 384 13.360377427

700 638 91.14285714285715 102 15.114628072

700 637 91.0 397 15.486627327

700 640 91.42857142857143 269 15.466722368

162 137 84.5679012345679 42 2.897997832

384 308 80.20833333333334 235 7.623941583

2058 1578 76.67638483965014 6 41.607239524

