1132 892 78.79858657243817 32 14.858831087

996 796 79.91967871485943 120 13.654526767

92 86 93.47826086956522 21 2.080772428

840 640 76.19047619047619 1 11.513605348

400 308 77.0 1 5.929986095

1000 953 95.3 446 22.195292344

1000 950 95.0 826 22.117448839

1000 951 95.1 916 22.293681201

900 894 99.33333333333333 713 17.629930999

900 894 99.33333333333333 618 17.388507423

900 889 98.77777777777777 373 17.25999975

900 897 99.66666666666667 41 16.928494716

900 898 99.77777777777777 535 16.858386204

900 898 99.77777777777777 402 16.81102096

1260 1076 85.39682539682539 685 19.349139156

1260 1079 85.63492063492063 653 18.578095299

1260 1073 85.15873015873015 858 19.228811595

1258 1064 84.57869634340223 898 19.325815915

1200 1028 85.66666666666667 259 20.503840736

1258 1075 85.45310015898251 452 19.185097843

1200 1031 85.91666666666666 488 20.324118272

1300 1115 85.76923076923076 972 22.629264538

1300 1110 85.38461538461539 466 22.34088107

1200 1042 86.83333333333333 919 21.095262557

1200 1029 85.75 494 21.33196756

800 758 94.75 249 14.05974639

800 761 95.125 448 14.518711786

800 761 95.125 332 14.292320419

800 761 95.125 78 14.562176813

900 851 94.55555555555556 901 16.31055942

900 853 94.77777777777779 393 16.484866216

800 765 95.625 463 14.361827772

800 766 95.75 725 14.534924205

800 763 95.375 656 14.454669913

800 763 95.375 174 14.825228731

900 858 95.33333333333334 112 16.177361848

900 855 95.0 387 16.535470116

900 858 95.33333333333334 153 16.208039246

900 862 95.77777777777777 317 16.704549284

600 582 97.0 426 12.455031961

600 583 97.16666666666667 558 11.972713113

600 581 96.83333333333334 765 11.765324186

700 673 96.14285714285714 142 13.244576045

700 677 96.71428571428572 973 13.148716072

700 677 96.71428571428572 492 13.130435801

162 145 89.50617283950618 32 2.775916954

384 346 90.10416666666666 552 6.766097125

2058 1728 83.96501457725948 315 35.609471351

