4.357427 5.763002963732333E-9
4.327224 4.560690047838989E-9
4.199816 1.6329377849899629E-9
4.486211 4.128137875980542E-8
4.330992 2.992925063338703E-8
4.300333 3.692417482881183E-9
4.313262 3.3526394993543818E-9
4.345862 2.793620001995123E-9
4.500732 7.481672068543332E-7
4.321406 6.098450633373886E-10
4.339907 1.9749763158216638E-8
4.392735 4.286966914790469E-8
4.327546 1.1403832234080369E-7
4.276536 7.887348552060303E-10
4.168134 7.682345870563267E-9
4.297958 1.136810157120749E-8
4.331802 6.911142991228303E-8
4.293181 3.323524611076323E-8
4.289831 3.749253796314633E-9
4.390699 4.7281741633042884E-8
