11.472566 75.9707004550345 1.7976931348623157E308 2214.385426245284 371.68760761879935 302.4576352985809 296.1037043007629 293.29076200015044 277.753447417282 240.83361946911745 229.82894565197063 169.31521774884155 75.9707004550345 
11.496801 84.55171406529793 1.7976931348623157E308 3894.1686467422833 159.81028804545127 119.2185876705232 118.29206110068154 115.75831892789888 114.09624156713028 108.54610117872308 92.22463600677888 87.84679720756635 84.55171406529793 
13.252164 75.01428565292116 1.7976931348623157E308 8741.536993732829 354.7253551304624 83.0352418128355 77.03809352286125 76.61487495242754 76.40835702921405 76.13411326350163 75.72341704966392 75.31635862672036 75.01428565292116 
12.608483 78.67943462985053 1.7976931348623157E308 4368.637375543144 94.53496126110403 83.40270426622885 82.53265640270357 81.49182897746059 80.91204561110622 79.99243945694087 79.70800157660379 79.16979327175942 78.67943462985053 
12.52522 5.118885742871869 1.7976931348623157E308 8759.87100292082 1312.2973861496596 1248.3701114707674 1114.6222084205926 778.8133863942905 432.6362102984395 73.88583315754038 71.12434261188635 8.568343474437372 5.118885742871869 
12.425284 13.89161886167332 1.7976931348623157E308 4586.832216188723 1083.0665249733836 41.60486260889909 16.344747673050463 15.585043850337593 15.35957690584672 15.071197140310597 14.587127609730752 14.361687426834095 13.89161886167332 
13.691902 2.341345186137083 1.7976931348623157E308 6113.476419171854 303.40839279228027 71.92133130189404 70.14982500252026 69.67626178340038 69.45564439824342 69.0701399708294 14.345900666414831 2.8047714279124376 2.341345186137083 
12.011192 89.22881140281179 1.7976931348623157E308 4809.178489090681 188.87581568863416 155.03314789007743 97.21482714154561 94.20368808970159 92.43656095007017 91.69033736180756 90.63040930874911 90.03954504808533 89.22881140281179 
11.957395 23.994462975957646 1.7976931348623157E308 460.13485058371737 88.23699991538912 32.165187846058615 27.097688378748334 26.27483340230438 25.593479589256834 25.056200690094705 24.737110894554274 24.325517423746387 23.994462975957646 
12.635495 10.372907079095127 1.7976931348623157E308 1646.8372007971825 59.143300035499614 14.432938279838725 12.448299519562912 12.284300223842504 11.940424194984413 11.477808899510476 11.115781884437189 10.737035340330436 10.372907079095127 
12.159211 23.607169190826465 1.7976931348623157E308 4580.960740246725 516.4248259387751 231.33318007320773 30.391451864482388 26.52182097614893 25.730048973375112 25.18518666422254 24.721606366386045 24.169301344480825 23.607169190826465 
13.617466 106.34105883652236 1.7976931348623157E308 4222.903880364224 190.4341625151707 122.56947330713959 117.51254336001143 112.41942378477262 109.14876503852715 108.40767201577663 107.11680505183968 106.64461922598221 106.34105883652236 
11.761017 73.24349400716945 1.7976931348623157E308 2220.7075694425307 123.09178711158863 77.0269222696975 76.58996895222836 75.93976850802042 75.34788164178877 74.88989063409159 73.7871974631134 73.46550941602577 73.24349400716945 
12.936662 118.26735611515792 1.7976931348623157E308 1759.4867590808924 136.00688951210824 132.4921287943131 131.1481824149072 130.1064774176226 128.70399491399766 124.92496349314295 121.76678186413761 120.10482055690507 118.26735611515792 
11.994636 23.690542232345926 1.7976931348623157E308 3484.330209911639 150.8414461506343 29.614658222081207 27.172396148599688 25.77831183109603 25.145898873886786 24.66746100386216 24.29776505451355 23.971780996394674 23.690542232345926 
11.858279 75.40972678945079 1.7976931348623157E308 3018.6207412965305 239.20435728678342 114.7328592740308 80.25235832839745 78.35628159381356 77.56517049027859 76.78978448989287 76.27737855025245 75.73243063202584 75.40972678945079 
11.963302 6.258082963305003 1.7976931348623157E308 4131.10184715663 110.15866983277915 27.560003861139656 8.503527678692688 7.777450481327898 7.588023848769774 7.354671428802241 6.933186296883417 6.616895959796518 6.258082963305003 
11.931542 71.14810361474598 1.7976931348623157E308 2962.41683442545 238.34998448236828 76.23567548217422 74.35532226919878 73.64819128410082 72.95170743191449 72.39920848842459 71.97304388809688 71.50809463477292 71.14810361474598 
11.784704 77.59796292738876 1.7976931348623157E308 1367.221723862107 92.07322621756578 83.7431193518309 80.6244096788228 80.07430817256578 79.3290909219205 78.87708515477973 78.4838583270191 78.13672345991459 77.59796292738876 
11.813718 24.874294266952944 1.7976931348623157E308 1474.027651666275 674.3846178483482 254.2654525755185 82.0242378239887 79.68061071441107 35.352092362973615 27.135811896436678 26.03469733835838 25.35723668052145 24.874294266952944 
