4.652499 19.899179219601585 1.7976931348623157E308 65.59762886480695 50.859169271897215 45.277354942460605 32.963784866605025 30.863073194700263 30.843854170469466 30.843691550636457 21.890974080526327 19.90615454637866 19.899179219601585 
4.603915 7.959672458507638 1.7976931348623157E308 64.71430992559814 50.54722329457099 36.102083291231466 30.87104672000668 19.50034054533571 11.958632920865284 7.9672797643223685 7.959731686816134 7.959672604336353 7.959672458507638 
4.621052 35.81840986399027 1.7976931348623157E308 80.31739817780394 62.77228640910202 51.00218799990084 42.48755139167227 41.78935547980535 40.561295349062455 39.79982705029865 35.81975881547393 35.818429445035605 35.81840986399027 
4.722121 29.8815408403158 1.7976931348623157E308 97.45183846860574 79.81307808978532 68.58689112760116 43.31059201917316 41.80523928170628 41.788334805070264 41.78822539957695 41.78822493873437 35.09106682408276 29.8815408403158 
4.484852 9.105684913622225 1.7976931348623157E308 83.01629166229567 50.946819843804086 43.21266940624183 41.81370912798849 29.05822258414141 24.92097974725886 22.88727692043986 22.885534625889605 18.907391865512857 9.105684913622225 
4.709945 25.868915333514394 1.7976931348623157E308 64.21703112796403 38.63010082406386 32.01623312009342 27.950560229942496 27.860123962420033 27.85884193522535 25.8760076978244 25.868937885111702 25.868915446359345 25.868915333514394 
4.626297 23.788481159500954 1.7976931348623157E308 78.73022336732996 60.332411041520466 55.72006867408824 42.06432765791101 41.78937715973436 34.011744896173916 30.002510876349625 27.26923258697459 25.911219657159624 23.788481159500954 
4.602854 14.159442997561364 1.7976931348623157E308 96.15352242727154 51.12339691870799 39.252448963757224 38.80604187256252 26.851676755160838 22.93886213899074 21.890936950064642 18.97145006819882 17.92148241152612 14.159442997561364 
4.58791 23.879002262956135 1.7976931348623157E308 82.12180966820866 61.671520491832 47.791123326317994 38.15531093897269 32.88827550358774 32.84909450275022 32.833875342714336 23.880750450436423 23.879010685931267 23.879002262956135 
4.652413 47.75792881016065 1.7976931348623157E308 113.10104890363732 64.64752045964697 56.8167310661517 55.763086645741424 52.01133122181284 47.77661265470483 47.75804442656284 47.75793090106496 47.757928828374446 47.75792881016065 
4.655479 14.924380823018891 1.7976931348623157E308 75.79433968338235 52.872388202658684 36.27510825366372 31.881610475853577 23.900482720338175 22.886956947778966 15.181167995956658 14.92556489817322 14.924381870079364 14.924380823018891 
4.505199 8.954631513902997 1.7976931348623157E308 91.3087480502207 67.72430532292434 39.306810569413656 36.821438606473514 21.627316573054905 18.90479463341375 8.9558327660827 8.954636763488727 8.954631526477488 8.954631513902997 
4.622966 8.954694738918903 1.7976931348623157E308 78.84484667270074 55.07199023237689 38.509176854606565 36.8485581220902 28.945426329330235 20.230362099743395 15.56014420452931 10.994767952917671 8.982004775338831 8.954694738918903 
4.561003 9.949586281929975 1.7976931348623157E308 102.90786378503772 88.35539950034868 61.59277895316491 57.739053530849006 48.800189390773156 35.85647245729689 12.399256771056917 11.942024280198838 9.950162921416533 9.949586281929975 
4.603805 29.889113650160905 1.7976931348623157E308 89.53167498971345 44.58469268732597 31.335915226913166 30.882828488249906 30.846975809298847 30.843788356657438 30.843710993148473 30.843710633784724 30.843710618855816 29.889113650160905 
4.562494 23.879015155689878 1.7976931348623157E308 86.30338170952916 50.975346248449036 47.33603314306505 38.85971022154671 29.936701457900657 28.872022753633434 27.86017725782873 27.85883576907844 23.887719562087995 23.879015155689878 
4.641823 23.93460961921717 1.7976931348623157E308 75.59939116749267 47.89413898528205 42.68253704764616 37.83325296128218 31.86418500609276 27.870797793841966 26.86426102039505 26.863856526309654 24.877066672859087 23.93460961921717 
4.609338 30.84368034627135 1.7976931348623157E308 111.13640697853533 71.7985715514131 53.31032745707348 42.25008513169679 32.02225292850201 31.839533607672852 30.844842976589558 30.843689756636437 30.84368035313011 30.84368034627135 
5.030232 41.788240095370746 1.7976931348623157E308 71.29880030116486 54.26144294113996 52.18611468062992 41.830832562042936 41.78931082523322 41.78824687284044 41.78824058600002 41.78824018061424 41.78824009678572 41.788240095370746 
4.754481 15.919634495322754 1.7976931348623157E308 74.51987763319039 55.99780124808534 38.35786738685473 30.607365804579203 28.923768718393887 26.873881532024306 18.92877488977686 16.935026920802947 16.914484006176913 15.919634495322754 
