8.09146 13.420550157844962
7.985787 6.290235307323435
7.618934 80.39514962318998
7.940685 17.54387550659601
8.083924 4.299801498871458
8.793871 20.788758935679407
7.843634 17.581962511422674
7.731995 10.848429669003743
8.592039 9.426729210506503
8.071043 6.68448125084989
7.692015 5.262822999175769
7.732956 79.77326362010386
7.684443 72.77468724085082
7.754676 7.209373927693986
7.726751 3.879787914353681
7.838469 10.652111653067543
7.687278 72.02901202857657
8.783422 9.89100817483594
8.20278 16.58287948739781
8.439873 74.70003241193105
