9.928717 1.745270594710746E-13 1.7976931348623157E308 3.5550803456164215 0.145666756787993 0.0032071275586926795 2.3931647063024641E-4 1.0882570240955403E-5 1.805650744479692E-7 5.330108354684171E-9 1.9730750366875327E-10 4.938716102742546E-12 1.745270594710746E-13 
10.121361 9.632294961647858E-13 1.7976931348623157E308 3.231201979897133 0.1973660173229459 0.0029770556370789514 1.478829692875827E-4 7.648025026174565E-6 2.729571701998168E-7 1.62230482381176E-8 8.702163434293197E-10 2.4055868408368042E-11 9.632294961647858E-13 
11.749872 1.1657341758564144E-12 1.7976931348623157E308 3.041717589290912 0.1578003406298376 0.008370609141483687 2.6527513511753753E-4 7.526808314839428E-6 7.856735000366655E-7 3.3575571212196564E-8 5.168492300811067E-10 2.6993962620736056E-11 1.1657341758564144E-12 
10.467861 2.0397017408413376E-12 1.7976931348623157E308 3.861547871446199 0.1905644588531179 0.006660202262186221 1.7701437631645334E-4 5.636987218782252E-6 4.13895464124181E-7 1.845825225998965E-8 5.564548821723747E-10 3.72186725883239E-11 2.0397017408413376E-12 
11.582093 3.9332981316420046E-12 1.7976931348623157E308 2.706588851993843 1.4730030992686207 0.02297747252090021 8.232625052042586E-4 2.5747227710315457E-5 1.217021843746835E-6 5.42274247727903E-8 3.094680511850356E-9 1.0158673902083137E-10 3.9332981316420046E-12 
13.311273 6.061373625243505E-12 1.7976931348623157E308 3.5614874239061405 1.0438570384895987 0.0110660244902836 8.779230106736868E-4 3.8338158117046106E-5 1.5608519317034109E-6 8.379077032216742E-8 5.250481383001215E-9 1.6191892271422148E-10 6.061373625243505E-12 
11.154841 2.3071766719340303E-11 1.7976931348623157E308 2.6684973646459196 1.217499915386377 0.01907855762742061 0.001132295775111647 4.3426869777096755E-5 5.312411243796333E-6 4.5386365288280217E-7 1.3469972248714157E-8 7.609988195156348E-10 2.3071766719340303E-11 
10.52277 5.120348589571222E-13 1.7976931348623157E308 3.483320500874829 0.19861972364976 0.008816224869076184 2.595019316200542E-4 1.4461756155714767E-5 4.300931704115385E-7 1.737306165594532E-8 6.317724121629453E-10 3.1232350039545054E-11 5.120348589571222E-13 
10.08286 8.921752225887758E-13 1.7976931348623157E308 3.614797459576025 0.1047919394088237 0.003854436747886769 1.571446179160496E-4 5.715850136756018E-6 2.955132818449613E-7 2.024841139203204E-8 8.650435923129862E-10 4.8818282749607533E-11 8.921752225887758E-13 
10.047794 7.860379014346108E-14 1.7976931348623157E308 2.646949806342399 0.16916915613963512 0.0042888809343364365 1.0849659103628895E-4 4.664224111383675E-6 1.44974440008383E-7 3.90967658248087E-9 1.6191892271422148E-10 3.304467810494316E-12 7.860379014346108E-14 
10.0261 1.1444178937836114E-12 1.7976931348623157E308 2.5767119447639435 0.6952655098530411 0.008510519960648555 2.4781898455161766E-4 1.3826010999640204E-5 5.953897894706017E-7 4.7048342555200406E-8 7.270490876010172E-10 1.4992895813747964E-11 1.1444178937836114E-12 
10.18291 1.6278978165473745E-11 1.7976931348623157E308 4.531577541179914 1.8933528257214438 0.951001145669363 0.0076792013287918515 2.0258629777503145E-4 9.777259390109094E-6 3.2557233753394144E-7 4.772868766877991E-9 2.436384427539906E-10 1.6278978165473745E-11 
10.010159 1.496580637194711E-13 1.7976931348623157E308 2.7314351237236925 0.21101593586884038 0.004975810504806777 8.644835006466067E-5 3.5905181445805567E-6 1.3026029721530108E-7 4.272671549898632E-9 1.5523271557071894E-10 5.325961893731801E-12 1.496580637194711E-13 
10.039465 9.205969320191798E-13 1.7976931348623157E308 3.2593739609624 0.7261159247921545 0.007038545261647489 1.6138331771431424E-4 8.418663935305659E-6 3.595996465044493E-7 7.226387044312332E-9 4.316835777729011E-10 2.3007817873121894E-11 9.205969320191798E-13 
9.994001 4.3076653355456074E-14 1.7976931348623157E308 3.4435056403683117 0.2737278655252422 0.004955607112020477 1.587716181785659E-4 5.465425040984684E-6 1.5760861460378806E-7 3.2130675897690253E-9 7.583667027688534E-11 1.6417978088156815E-12 4.3076653355456074E-14 
10.078138 3.7347902548390266E-13 1.7976931348623157E308 3.0451927197015896 0.12120583860872758 0.004343301453058945 1.7602742829980755E-4 7.01650950718502E-6 2.2293640400405934E-7 1.2195027654371415E-8 3.4330271958538106E-10 8.8644647178171E-12 3.7347902548390266E-13 
9.950338 6.084022174945858E-14 1.7976931348623157E308 3.1100798497760285 0.08638671612731175 0.003641744774999456 1.1504484821900363E-4 2.243968794335416E-6 1.0992391041853011E-7 2.4188335778774217E-9 3.8401726243364465E-11 2.100097873380946E-12 6.084022174945858E-14 
10.00355 3.9834802123550617E-13 1.7976931348623157E308 3.212194708739155 0.5947871909220592 0.021593110906942048 0.0013113858786870658 4.592194465091737E-5 9.015474771167931E-7 1.8135758228510213E-8 9.036686954289053E-10 1.9970247677747466E-11 3.9834802123550617E-13 
9.977675 6.445066702553959E-12 1.7976931348623157E308 2.965373831507247 0.6258053411272013 0.0087352845367481 2.7283562608149126E-4 1.2886856759042331E-5 7.29281929512382E-7 2.614476857232262E-8 1.321915465979373E-9 7.089484554967385E-11 6.445066702553959E-12 
10.082617 2.6334490144108713E-13 1.7976931348623157E308 3.576236430571264 0.5714215082777447 0.011539736573450643 1.4282635401885457E-4 4.686694556443882E-6 2.0812504475387072E-7 5.035869055092235E-9 1.6959633697410936E-10 5.3153037526953995E-12 2.6334490144108713E-13 
