1.808409 51.737765038336086
1.885201 51.26820091112369
1.626391 110.43975982283052
1.606807 30.843705580796637
1.601569 30.843705580796644
1.6596 75.61667121190578
1.617015 69.6469776423864
1.660387 57.70752950197215
1.66078 65.66714626893531
1.627734 32.83360853608784
1.64608 45.768015733595426
1.599244 61.68729488166677
1.657954 60.692401635432915
1.721172 93.60688089926163
1.650563 72.6318142373404
1.683915 94.52084287304942
1.620006 48.75284729073029
1.631173 38.803372999723884
1.615301 66.66212570564005
1.652932 76.22496264356445
