12.86544 71.76447998387047 1.7976931348623157E308 390.4630414714478 83.7611774280639 75.4393108944728 75.09730417173238 74.55530366572438 74.08638219725047 73.63294373559862 73.11125871512867 72.2133268863015 71.76447998387047 
12.774259 3.3683370732664084 1.7976931348623157E308 462.3586197719962 19.0880176073116 6.935255832707879 6.2855714441639075 5.829636172481902 5.3302560280518145 4.81257577209453 4.297678430167418 3.7788208663405682 3.3683370732664084 
13.400467 4.85104219247275 1.7976931348623157E308 645.2646706827251 307.32842795271847 70.53477516780043 12.24246593832304 7.008991395059548 6.466284537980011 6.079481486793153 5.465082199030617 5.14195891233587 4.85104219247275 
12.479852 8.646564318227648 1.7976931348623157E308 501.1909566582343 95.23882167110906 67.75455705622524 11.991951963952241 10.938787531312906 10.314876373529827 9.850530771226335 9.434183947830258 8.98142924495482 8.646564318227648 
16.51673 22.075297484520824 1.7976931348623157E308 6679.25260889112 47.928645719570525 25.74196813056287 25.270682317514296 24.673712988100814 24.17340623610434 23.663424899199274 23.190992458793218 22.627631993476342 22.075297484520824 
12.327318 165.31907746273086 1.7976931348623157E308 809.4704219258247 220.49834340305688 214.18511926322194 203.8782299204525 198.4518883597938 192.3637100310282 185.90556583794697 180.21579028459934 171.53785201290833 165.31907746273086 
11.814445 11.147727182996311 1.7976931348623157E308 709.0486206529832 280.07258641344515 229.99034300531173 221.6505406588783 168.8079736658078 22.047759663474366 12.427242919913349 12.102595995626775 11.659154615190152 11.147727182996311 
11.715773 13.04422153302558 1.7976931348623157E308 370.38662855158987 113.21838373282274 68.83153528322481 18.929344601201766 17.86187245147878 16.857483119879277 16.508190172477605 15.401088431969466 14.122571865220465 13.04422153302558 
11.626421 4.8889228174482104 1.7976931348623157E308 2208.505493029583 1683.6841368197063 1612.5084783979235 1511.0952792426804 1355.9785269207637 1271.1669214466983 1068.6447567100176 828.3611383294792 86.2022904923229 4.8889228174482104 
11.592239 24.561856474277057 1.7976931348623157E308 464.29293501112755 86.08494908235211 78.66143959946707 27.662578751534316 27.156744769138207 26.611084904466715 26.08741543130548 25.591764774449707 25.12602704108043 24.561856474277057 
11.687106 3.6221457157900634 1.7976931348623157E308 1173.9123467757825 41.607203623956856 9.78050819944838 8.355291443494135 7.687787173597626 6.433836169880313 5.5533479290355094 4.928765326755704 4.108919162703333 3.6221457157900634 
11.644876 71.80823541771085 1.7976931348623157E308 945.6507336029985 83.89337294383785 77.40351136192166 75.91749470195566 75.11777209838691 74.37188044326169 73.87671004868106 73.08605340544464 72.53663097547292 71.80823541771085 
11.665437 10.017803947093187 1.7976931348623157E308 875.3434658116284 129.8080149506535 104.15646368990717 13.059548786554751 12.527154910202132 12.001829369563906 11.379474945163707 10.985364450602143 10.497925385984676 10.017803947093187 
11.671486 21.893610317737508 1.7976931348623157E308 212.99724394690796 96.36808086674104 84.43558682377143 25.34815637539444 24.934006142030473 24.171581200034137 23.685613535617165 23.182858870386422 22.570823681185587 21.893610317737508 
11.693956 6.227126573161568 1.7976931348623157E308 2833.532666793216 15.219573465621929 9.779153663707069 9.372207873855942 8.850196839871638 8.130899067967876 7.433367559407018 6.945062435798233 6.5562642582757285 6.227126573161568 
11.684367 9.723008178274892 1.7976931348623157E308 2892.1252366057097 22.33226077571941 13.296076974682187 12.797544904607577 12.328692444924663 11.769595091888778 11.19786430727723 10.570808492498044 10.107279261309612 9.723008178274892 
11.659281 138.0006131305197 1.7976931348623157E308 2003.428797526861 183.72442374514807 176.8715157658261 170.8414723425829 164.26521516573865 158.07084377508988 151.8811780486988 147.54454279150568 142.51411538834284 138.0006131305197 
11.643954 23.54914351593227 1.7976931348623157E308 4393.244882183762 109.36839122411233 81.4600369450874 77.44212418869472 27.0166596808013 25.950526811745927 25.231535982869982 24.553199610180442 24.091762403406783 23.54914351593227 
11.715312 8.89323418062536 1.7976931348623157E308 1618.607451340685 124.1409004432732 79.88757895364114 77.55044706145068 12.081854409740401 11.0935049789017 10.591174525004345 10.082432609842687 9.504779798745625 8.89323418062536 
11.624647 70.72873478817412 1.7976931348623157E308 2346.5417333783435 124.92004585564771 74.80384597975893 74.18676566615602 73.57865098053777 72.61156014270946 72.20347028453449 71.67597088016646 71.37491404899359 70.72873478817412 
