2.581067 39.798301784464556 1.7976931348623157E308 84.81592218192277 57.116417164046084 43.80465880064351 39.79908615260622 39.79830219711749 39.79830178458117 39.79830178446466 39.79830178446457 39.798301784464556 39.798301784464556 
2.642684 36.81343468882285 1.7976931348623157E308 82.39538637066252 58.32459683828227 53.73196858073247 36.817785784980224 36.81343626985426 36.813434689341534 36.81343468882302 36.813434688822866 36.81343468882285 36.81343468882285 
2.63154 61.68734049581175 1.7976931348623157E308 95.2976958622707 68.01653409646613 62.055476482776285 61.68743652998833 61.68734052405643 61.68734049581455 61.68734049581176 61.68734049581175 61.68734049581175 61.68734049581175 
2.687651 59.14735818091103 1.7976931348623157E308 92.08696930453033 82.59819783741045 63.16560787774343 59.14735818091103 59.14735818091103 59.14735818091103 59.14735818091103 59.14735818091103 59.14735818091103 59.14735818091103 
2.604219 32.833598460449686 1.7976931348623157E308 98.68236405959719 49.99704658472401 45.7986732824436 36.98410022274713 33.83115533864135 32.83417733724336 32.8335989594659 32.83359846053727 32.83359846044972 32.833598460449686 
2.663651 49.747867120863944 1.7976931348623157E308 61.26296444012637 51.7557641306043 49.749939624816776 49.747869227278656 49.74786712464332 49.74786712086581 49.747867120863944 49.747867120863944 49.747867120863944 49.747867120863944 
2.66952 46.562644621468145 1.7976931348623157E308 67.58168213048027 50.854079204261964 46.562644621468145 46.562644621468145 46.562644621468145 46.562644621468145 46.562644621468145 46.562644621468145 46.562644621468145 46.562644621468145 
2.685479 45.76803593030985 1.7976931348623157E308 64.89866899926018 54.86226326323858 46.82112431022925 45.768191347994616 45.76803594326233 45.76803593031086 45.76803593030986 45.76803593030985 45.76803593030985 45.76803593030985 
2.834949 29.27388438879179 1.7976931348623157E308 79.4820672263941 48.25602140717018 30.05186326088092 29.27388438879179 29.27388438879179 29.27388438879179 29.27388438879179 29.27388438879179 29.27388438879179 29.27388438879179 
2.652672 54.72259659547095 1.7976931348623157E308 84.48547419441586 67.98208408873954 54.88422437947426 54.722663858290886 54.72259660776342 54.72259659547436 54.72259659547096 54.72259659547096 54.72259659547095 54.72259659547095 
2.646988 20.89413012332095 1.7976931348623157E308 86.74022595788952 63.62485110194337 32.06303576742288 20.927607985736444 20.894144932103657 20.894130125832056 20.894130123321766 20.894130123320956 20.89413012332095 20.89413012332095 
2.60918 28.853792504429666 1.7976931348623157E308 89.60865643985196 44.88096419557067 32.0915383966678 31.838771807873833 31.838669749647124 31.83866967581958 28.876351425546964 28.85380256099213 28.853792506540977 28.853792504429666 
2.603312 34.82351153681719 1.7976931348623157E308 75.74040372724286 46.06148234013662 37.10275710772324 34.842280970269066 34.82352139452128 34.82351154252313 34.823511536818366 34.82351153681719 34.82351153681719 34.82351153681719 
2.605742 39.79828662556918 1.7976931348623157E308 100.75853705166952 66.43827508293816 40.09045668872736 39.798531752696626 39.79828673956851 39.79828662557495 39.798286625569204 39.79828662556918 39.79828662556918 39.79828662556918 
2.72249 56.7123825346137 1.7976931348623157E308 125.9018686012439 100.53509875816948 95.48382250025671 88.56790531352244 66.2451102761567 56.73901950201467 56.712455267468286 56.7123826520096 56.712382534785725 56.7123825346137 
2.637154 23.879002256781746 1.7976931348623157E308 54.77630346670023 25.234099050310604 23.87978764710268 23.87900238723244 23.879002256816598 23.879002256781767 23.879002256781753 23.879002256781746 23.879002256781746 23.879002256781746 
2.57004 37.80839374591614 1.7976931348623157E308 61.59188958482586 45.33787208680693 37.811702420551654 37.808394041119925 37.80839374597246 37.80839374591617 37.808393745916156 37.80839374591615 37.80839374591615 37.80839374591614 
2.664838 60.69230550678271 1.7976931348623157E308 86.06223738825099 69.77353227885494 60.76486162215127 60.69240153659495 60.69230556796442 60.69230550684843 60.69230550678285 60.692305506782716 60.69230550678271 60.69230550678271 
2.617856 48.75289290487526 1.7976931348623157E308 93.40157828685955 67.58710782208661 49.1230024283209 48.7535156295197 48.75289298854231 48.75289290490139 48.752892904875296 48.75289290487526 48.75289290487526 48.75289290487526 
2.690668 56.71259064159327 1.7976931348623157E308 78.7414627536624 57.026100286967186 56.712690287218166 56.71259065102843 56.71259064159523 56.71259064159328 56.71259064159328 56.71259064159327 56.71259064159327 56.71259064159327 
