33.593848 1.155148502709825 1.7976931348623157E308 3.392346197777677 1.4099464617686945 1.1551539150095 1.1551485036452047 1.1551485027103792 1.1551485027098285 1.155148502709825 1.155148502709825 1.155148502709825 1.155148502709825 
35.14382 3.597122599785507E-14 1.7976931348623157E308 3.698903272582147 0.04758433016590802 0.003297457488681932 5.506354625639531E-5 1.6937617535184302E-6 3.884658683617204E-8 1.3080314609226207E-9 1.1676393185666711E-10 1.1834977442504169E-12 3.597122599785507E-14 
32.867239 2.2315482794965646E-12 1.7976931348623157E308 5.608037112038158 2.031353950799247 0.9349339885063483 0.001752637840411797 7.48568999822119E-5 2.0389060684244953E-6 9.76881939784846E-8 2.556700184896954E-9 4.0959680092100825E-11 2.2315482794965646E-12 
36.953805 2.1760371282653068E-14 1.7976931348623157E308 3.576563291237584 0.11406948192438593 0.006201589238387317 8.468253297566619E-5 1.3533964957623823E-6 5.874611064271562E-8 9.34534671870324E-10 1.972511043391023E-11 3.2018832030189515E-13 2.1760371282653068E-14 
34.910435 1.851852005074761E-13 1.7976931348623157E308 2.300922474882537 0.09080960108541847 0.002853891491380711 8.637593911275943E-5 2.2964857540053174E-6 8.279557350832079E-8 2.6564355160019204E-9 7.926503897692783E-11 3.3080205241731164E-12 1.851852005074761E-13 
37.348273 2.886579864025407E-14 1.7976931348623157E308 3.224890884051977 0.9574871533696556 0.02030162527210111 7.801603187940209E-4 7.69465807026748E-6 2.1361402646746797E-7 5.850214979119528E-9 1.1791501108859848E-10 1.332711718760038E-12 2.886579864025407E-14 
34.201628 7.549516567451064E-15 1.7976931348623157E308 2.190229787818151 0.049478679927596136 8.843136839371546E-4 1.4156457180281024E-5 2.972867432227133E-7 5.376101785969922E-9 1.6673640246267496E-10 1.7910117833253025E-12 3.241851231905457E-14 7.549516567451064E-15 
33.363235 7.549516567451064E-15 1.7976931348623157E308 2.763439998894214 0.007247978866349758 7.181274635259527E-5 5.531969553551619E-7 7.61237872737297E-9 1.2831025131276874E-10 1.7554846465372975E-12 3.241851231905457E-14 1.4654943925052066E-14 7.549516567451064E-15 
33.036448 1.1102230246251565E-14 1.7976931348623157E308 1.3511846273214982 0.010956657717802631 2.6988986730502873E-4 5.117835094825551E-6 1.2757199074897585E-7 6.516238659770579E-9 1.0537037908875391E-10 1.1870504579292174E-12 2.886579864025407E-14 1.1102230246251565E-14 
34.26649 1.4654943925052066E-14 1.7976931348623157E308 3.091677097593227 0.22389125917062858 0.0018031318752744774 8.701613604289449E-5 5.517518570918867E-7 1.631752555297794E-8 3.613149779368996E-10 1.09925402114186E-11 9.281464485866309E-14 1.4654943925052066E-14 
34.635995 0.9313046018168305 1.7976931348623157E308 3.910616420784525 0.9378507467084813 0.9313052208599868 0.9313046021710076 0.9313046018170579 0.9313046018168376 0.9313046018168305 0.9313046018168305 0.9313046018168305 0.9313046018168305 
34.611447 1.4654943925052066E-14 1.7976931348623157E308 2.1519383060985544 0.01758066262849356 4.4568008472056775E-4 1.2493464869312021E-5 4.3134605620664956E-7 1.4823090754845225E-8 9.307443704642537E-11 2.6649793483102258E-12 7.149836278586008E-14 1.4654943925052066E-14 
32.994441 7.549516567451064E-15 1.7976931348623157E308 1.8023705751232098 0.033617580424298854 3.906798551018831E-4 7.267154618961769E-6 1.3836475831752182E-7 1.6992669493731682E-9 4.2370107422584624E-11 1.368238855548043E-12 1.8207657603852567E-14 7.549516567451064E-15 
39.441942 1.212363542890671E-13 1.7976931348623157E308 4.9526555954202145 1.2483046555803665 0.01121580551516077 2.3849609747061962E-4 6.270727326285197E-6 1.9614705637494012E-7 4.822784394065138E-9 8.199707579592541E-11 2.6330049252010213E-12 1.212363542890671E-13 
34.620539 1.4654943925052066E-14 1.7976931348623157E308 2.9970679066407198 0.0318429937374316 0.002227726200747515 5.790895291157838E-5 7.242693524922572E-7 6.671172503303069E-9 6.890177317586677E-11 1.1302070390684094E-12 3.597122599785507E-14 1.4654943925052066E-14 
31.993346 1.4654943925052066E-14 1.7976931348623157E308 1.9439573645366406 0.04859764834681757 0.0011567374593046686 1.2957606039254443E-5 9.28477785766546E-7 2.689233058461582E-8 2.543676380639681E-10 2.3878676813637867E-12 4.6629367034256575E-14 1.4654943925052066E-14 
32.068308 1.4654943925052066E-14 1.7976931348623157E308 2.3017612361486504 0.04487733201490984 0.0015937636492577845 3.4465681409745486E-5 9.673170997537284E-7 1.4706959650112594E-8 8.811484875081987E-11 2.927880160541463E-12 6.439293542825908E-14 1.4654943925052066E-14 
32.011361 1.1102230246251565E-14 1.7976931348623157E308 2.504484423657513 0.18098145540943067 0.0038624241236715484 6.556612083530311E-5 1.8462645852146409E-6 2.2074669647764722E-8 8.179701360688796E-10 2.37609931730276E-11 2.2071233729548112E-13 1.1102230246251565E-14 
31.910156 1.1102230246251565E-14 1.7976931348623157E308 1.9904827013878337 0.030516168548583966 5.347221574365513E-4 6.339332504712303E-6 1.5020164711998518E-7 4.274383957891814E-9 1.3036371981911543E-10 1.815880779076906E-12 3.241851231905457E-14 1.1102230246251565E-14 
33.283034 1.4654943925052066E-14 1.7976931348623157E308 2.281112853804516 0.17628921564279354 7.426895296025471E-4 1.0858892480758442E-5 1.380943293050052E-7 8.890961300522804E-9 1.38652200831757E-10 3.04867242562068E-12 1.0347278589506459E-13 1.4654943925052066E-14 
