19.861206 5.976871899820498 1.7976931348623157E308 773.5214579604922 56.11795291401706 9.031111505797785 8.367133480361076 7.772988805527564 7.376341116745833 6.770102530155979 6.545266468401552 6.261362114958269 5.976871899820498 
19.756277 2.7232395838239007 1.7976931348623157E308 307.9116198750056 17.329649178848832 8.607275225202352 7.715574016929994 6.625090577661589 5.887333359630962 4.972308854064258 4.156231748778048 3.4587311553666846 2.7232395838239007 
19.710436 83.10684607815418 1.7976931348623157E308 831.3262365811894 102.00988888457746 92.09397178967691 89.21349384785245 87.5393262907268 86.35154366982943 85.44174493666391 84.62309727404622 83.85486345983487 83.10684607815418 
19.775978 22.229265350516073 1.7976931348623157E308 561.3117350661878 93.79817225635111 60.33766889617195 26.3976730691748 25.275571338071927 24.551095286620658 23.953922745171916 23.468278029074128 22.811229571276186 22.229265350516073 
20.01236 0.36092114451714374 1.7976931348623157E308 446.5512957741813 72.59575488682187 2.2013038729976415 1.2771319963390126 1.0186967883637383 0.8382319257843506 0.6907841265649615 0.5500096647605262 0.4164046467142799 0.36092114451714374 
20.110829 3.1330125733846423 1.7976931348623157E308 1243.778551898675 997.2207307835163 980.2275290869778 773.7386594492284 89.8916634413954 72.4687592187693 37.875041872949254 4.428908202572924 3.6860285311294025 3.1330125733846423 
19.812188 90.10157702465132 1.7976931348623157E308 938.7328952236319 105.8009409234995 98.69059458558831 96.38139111049585 94.62259819950498 93.75010753976953 92.66837953911327 91.45727770603848 90.55325863271045 90.10157702465132 
19.777261 104.33261088604596 1.7976931348623157E308 1328.4366854675166 128.88490933397136 119.43179695939847 117.75799246825136 117.1135243081311 116.46500348648401 113.95255622518813 110.41209906638528 106.98277958158016 104.33261088604596 
19.832463 12.438396017137087 1.7976931348623157E308 579.4199297098369 108.18551106698378 24.47521201030419 21.71325721502038 20.44067757303939 19.439309137219908 17.194547614909837 16.110858990648573 14.55561968503066 12.438396017137087 
19.691235 4.326198929995797 1.7976931348623157E308 3930.4895029894283 89.92873723740485 73.13154143627378 7.566893624132971 6.868448269647893 6.262586663833939 5.829052558491687 5.323546554033582 4.792391917322536 4.326198929995797 
19.60489 77.44331872950869 1.7976931348623157E308 758.6421889920259 382.5060334641887 378.8706958920637 369.13387890799214 342.43881664780724 323.51588753589425 312.29038537471126 283.8081427160977 235.45305092969247 77.44331872950869 
22.817432 72.2916358165333 1.7976931348623157E308 683.8558493157637 103.13529458364198 76.73532792035392 76.08041667227307 75.54162195833332 74.94883552266748 74.33026714398308 73.85811601098561 73.29959779805455 72.2916358165333 
20.36801 21.559059717264894 1.7976931348623157E308 247.9311908278214 26.967621788178263 25.900804493809616 24.992770408586892 24.480967861724668 23.814878603347754 23.145740818295657 22.62724396355794 22.057517548581842 21.559059717264894 
20.190081 49.76573621632943 1.7976931348623157E308 964.5794868684311 207.07747040203117 198.61075835045636 191.8128659755317 127.91517604056428 126.19814303023206 62.91182123051242 59.088681153100374 54.109033913435574 49.76573621632943 
22.474729 0.16742980225385456 1.7976931348623157E308 764.5260828019477 73.27993885216412 68.48719462873716 67.91583973766193 56.86485402336751 2.531284935078247 0.2947440491601996 0.2594871282292995 0.20088874045463487 0.16742980225385456 
20.469674 14.222296168906478 1.7976931348623157E308 429.9232275067891 95.0587246479815 86.29743829819829 85.39533040147035 84.37344808405614 83.48658744773145 23.626620101298982 16.61588617882126 15.469505202108014 14.222296168906478 
20.931799 0.596599060184517 1.7976931348623157E308 720.0898042774579 24.14934866610681 3.7525186678223657 3.1585089116699954 2.6954473261930856 2.1307472614280094 1.5488772896963678 1.1176842992459548 0.8218973921341406 0.596599060184517 
20.095893 229.76963239320065 1.7976931348623157E308 632.254832211979 275.89408659403847 274.46421045504667 273.3508508659401 272.06349500395396 262.49474224957976 258.479438033768 249.62184947054175 240.78589293572105 229.76963239320065 
20.288383 18.266418964117673 1.7976931348623157E308 934.1066654393767 24.837226241779895 22.20833873621321 21.668349534254457 21.181651294014554 20.486321382601506 19.76478110435355 19.241498662148004 18.778663115396782 18.266418964117673 
20.378185 11.54682607997459 1.7976931348623157E308 864.5392127520537 408.7444736271041 60.083414956762596 14.937214517111233 14.340962986578177 13.745782961241348 13.224604267665026 12.674150833015625 12.22601393382289 11.54682607997459 
