34.915569 37.808413942630594 1.7976931348623157E308 40.164526573950766 37.80881130795942 37.8084140113191 37.80841394263784 37.808413942630615 37.808413942630594 37.808413942630594 37.808413942630594 37.808413942630594 37.808413942630594 
34.345587 39.79832198117902 1.7976931348623157E308 47.98479690640495 39.830179492058036 39.79832351569786 39.79832198131132 39.79832198117904 39.79832198117903 39.79832198117902 39.79832198117902 39.79832198117902 39.79832198117902 
33.403465 38.80333260629497 1.7976931348623157E308 47.02752628835798 39.31456070540847 38.8033464482091 38.80333260784565 38.80333260629534 38.80333260629498 38.80333260629497 38.80333260629497 38.80333260629497 38.80333260629497 
34.86749 66.66213074345913 1.7976931348623157E308 67.65008555037936 66.66230936112156 66.66213077053546 66.66213074346541 66.66213074345916 66.66213074345913 66.66213074345913 66.66213074345913 66.66213074345913 66.66213074345913 
35.721165 47.75794900667735 1.7976931348623157E308 74.97496840124198 48.85396699090243 47.75811988390184 47.75794902836027 47.757949006685166 47.757949006677364 47.757949006677364 47.75794900667735 47.75794900667735 47.75794900667735 
34.24144 39.798306822283635 1.7976931348623157E308 61.2878501502954 39.79912951489262 39.79830697582556 39.798306822295785 39.79830682228365 39.79830682228364 39.79830682228364 39.79830682228364 39.79830682228364 39.798306822283635 
34.713835 50.742841336852614 1.7976931348623157E308 73.40270285231264 50.80476524210603 50.742843793724255 50.742841339184395 50.74284133685286 50.74284133685262 50.742841336852614 50.742841336852614 50.742841336852614 50.742841336852614 
35.142355 28.85370649685524 1.7976931348623157E308 51.01882382142855 34.14667622161683 33.828548491997616 28.854715770394456 28.85370692736526 28.853706497311876 28.85370649685569 28.853706496855246 28.85370649685524 28.85370649685524 
36.876508 39.79825108706235 1.7976931348623157E308 43.077410250795666 39.798450343814444 39.79825109241054 39.79825108706386 39.79825108706237 39.798251087062354 39.798251087062354 39.79825108706235 39.79825108706235 39.79825108706235 
35.302626 54.722637171796855 1.7976931348623157E308 60.62966046178386 54.725016272627784 54.72263731090427 54.72263717182995 54.722637171797004 54.722637171796876 54.722637171796855 54.722637171796855 54.722637171796855 54.722637171796855 
32.983285 34.82351657463626 1.7976931348623157E308 61.44218744167542 35.241680288278666 34.82355093289631 34.82351658049757 34.823516574640365 34.82351657463627 34.823516574636265 34.823516574636265 34.82351657463626 34.82351657463626 
34.014061 55.71760634996646 1.7976931348623157E308 57.93422626613925 55.71849413614211 55.71760645161241 55.71760635002964 55.7176063499665 55.71760634996646 55.71760634996646 55.71760634996646 55.71760634996646 55.71760634996646 
33.443978 48.75286244962567 1.7976931348623157E308 54.792610476910596 48.7545021313621 48.75286251976375 48.75286244963178 48.75286244962567 48.75286244962567 48.75286244962567 48.75286244962567 48.75286244962567 48.75286244962567 
34.243426 52.73269867799883 1.7976931348623157E308 68.02494420655165 53.7327336760415 52.73274040573862 52.73269869802928 52.73269867800023 52.73269867799885 52.73269867799883 52.73269867799883 52.73269867799883 52.73269867799883 
35.425171 42.783204190277964 1.7976931348623157E308 66.73458776054966 42.84389926430449 42.78321226545466 42.78320419083515 42.78320419028434 42.78320419027798 42.78320419027797 42.783204190277964 42.783204190277964 42.783204190277964 
33.663809 48.75290806377065 1.7976931348623157E308 61.18420262268783 48.76370833288713 48.752909387024594 48.75290806382127 48.75290806377067 48.75290806377065 48.75290806377065 48.75290806377065 48.75290806377065 48.75290806377065 
34.264192 53.72763753837766 1.7976931348623157E308 53.963571302530774 53.727653395764 53.7276375554433 53.72763753838269 53.72763753837768 53.72763753837767 53.727637538377664 53.72763753837766 53.72763753837766 53.72763753837766 
34.747652 47.75790843035144 1.7976931348623157E308 79.11469535639867 48.075657495898085 47.75795535645838 47.75790843537931 47.75790843035274 47.75790843035145 47.75790843035145 47.75790843035145 47.75790843035144 47.75790843035144 
35.001464 69.64702307363436 1.7976931348623157E308 76.82823040187775 69.66157808282094 69.64702540675215 69.64702307397614 69.64702307363447 69.64702307363439 69.64702307363439 69.64702307363439 69.64702307363436 69.64702307363436 
33.966513 77.60657925045419 1.7976931348623157E308 78.52382607185123 77.60660450775279 77.60657925421248 77.60657925045457 77.60657925045425 77.60657925045422 77.60657925045419 77.60657925045419 77.60657925045419 77.60657925045419 
