2.239596 50.79467404462936
2.230553 57.71449129142729
2.203233 31.841646254156608
2.273633 26.863878269589584
2.336759 52.73270039908828
2.340192 23.87898208023023
2.257792 30.84500836145466
2.205996 21.946429068183953
2.392522 33.82871947584593
2.542773 38.8034359470995
2.31936 35.81850802830164
2.271887 42.783174170988886
2.237102 39.79830418075588
2.265061 49.74788256872927
2.414852 61.68732411259333
2.237193 42.17410697663318
2.208821 36.82396906545054
2.443329 48.7528929128819
2.140821 31.83924620631163
2.226529 32.945659640466204
