1.151697 30.84370615896485
1.194149 35.8184967148444
1.193317 45.76803595302188
1.190522 49.747867285430885
1.180361 38.80375390903627
1.197725 49.747833771824865
1.238621 61.693220790787855
1.179006 66.66228171406638
1.185549 37.80854218229378
1.263199 27.897781135804006
1.152868 43.443483611313475
1.415924 49.8484814264101
1.202637 28.853841610365606
1.387948 29.848731364923417
1.199976 32.83360672791848
1.174416 69.64692311175283
1.222486 63.67718706279788
1.192267 54.72259661085884
1.221429 43.77899669761431
1.183535 62.68226637917833
