3.445942 38.80370520835439
3.496525 24.874027095927605
3.501037 48.78047162331875
3.495859 36.814364172893605
3.38064 26.865886769501984
3.498141 45.77903081719337
3.425483 32.83359703855832
3.440906 49.74782389504385
3.423381 45.81822000398952
3.366291 44.773117663280615
3.527599 36.81550744021105
3.421488 25.86891579990287
3.375331 28.853767379155055
3.449994 40.793249557842024
3.468396 27.859514129670437
3.432821 35.82166797750867
3.391009 30.844004432272566
3.468885 42.787798070356274
3.430221 42.80373509954706
3.396295 37.80833865093463
