5.869515 7.549516567451064E-15 1.7976931348623157E308 2.9388834259882093 0.03667989099210489 2.442394449500007E-4 2.993228701786421E-6 3.852214591759662E-8 3.3901459417506885E-10 4.903188965954541E-12 7.860379014346108E-14 7.549516567451064E-15 7.549516567451064E-15 
5.780256 1.1102230246251565E-14 1.7976931348623157E308 1.632648384696044 0.027863044211099197 3.647260192036761E-4 4.2455480984138205E-6 5.789337764738889E-8 8.027964959467226E-10 2.318545355706192E-11 3.4861002973229915E-13 2.886579864025407E-14 1.1102230246251565E-14 
5.880984 5.0182080713057076E-14 1.7976931348623157E308 3.7914016288635684 1.697460444355173 0.0525379139112947 0.0011042917626693516 2.186056436359607E-5 3.0721278365675175E-7 6.551254205788837E-9 1.762789914039331E-10 2.1178614417749486E-12 5.0182080713057076E-14 
5.77181 1.4654943925052066E-14 1.7976931348623157E308 2.16853145728409 0.04231215124981391 6.690502313415614E-4 1.4702943464062201E-5 2.8515755134961296E-7 4.1204093470526004E-9 1.2071099675381447E-10 5.723865825757457E-12 1.0347278589506459E-13 1.4654943925052066E-14 
5.854363 1.4654943925052066E-14 1.7976931348623157E308 2.1744825279910356 0.04159509732824107 8.738538696033693E-4 1.6495818624395753E-5 2.4823446453936526E-7 6.082292447473492E-9 5.49751355549688E-11 1.0271783423831948E-12 3.952393967665557E-14 1.4654943925052066E-14 
5.792034 1.4654943925052066E-14 1.7976931348623157E308 3.157529734962662 1.041025730744121 0.008061652150516796 1.1520991183333607E-4 2.178736477009835E-6 6.203099589541239E-8 9.064966555172305E-10 8.8609120041383E-12 1.318944953254686E-13 1.4654943925052066E-14 
5.827611 7.549516567451064E-15 1.7976931348623157E308 2.6612643948434003 0.10468298726443637 0.0015374569307451402 1.8789743390090763E-5 2.526822773241122E-7 2.4522965880180436E-9 6.240030714366185E-11 8.850697952311748E-13 2.1760371282653068E-14 7.549516567451064E-15 
5.798617 7.549516567451064E-15 1.7976931348623157E308 2.626532639443774 0.0265619310310794 7.973943729711053E-5 8.878265096434745E-7 1.0489007440384057E-8 2.387463560182823E-10 2.0397017408413376E-12 5.728750807065808E-14 7.549516567451064E-15 7.549516567451064E-15 
5.820061 1.4654943925052066E-14 1.7976931348623157E308 2.9493901079350278 0.05839149979654268 0.0025825509307542127 4.216699258607903E-5 6.546218149772187E-7 1.0201418820798835E-8 2.6882718273668615E-10 4.363176486776865E-12 9.992007221626409E-14 1.4654943925052066E-14 
5.82897 1.1102230246251565E-14 1.7976931348623157E308 3.388883363880851 0.18238130846885214 0.005326050662596504 8.813131091089943E-5 1.7337715658705122E-6 1.0581456155733804E-8 2.3542456872860384E-10 5.7274185394362576E-12 8.926193117986259E-14 1.1102230246251565E-14 
5.844727 7.549516567451064E-15 1.7976931348623157E308 3.3682123674973146 0.1748753415859352 0.005351451844003652 9.545159038681916E-5 8.538837552585221E-7 1.1969004010126127E-8 1.3171730373073842E-10 1.6631140908884845E-12 5.0182080713057076E-14 7.549516567451064E-15 
5.802933 2.1760371282653068E-14 1.7976931348623157E308 2.810359916103469 0.9545048659034099 0.006490700012815598 1.0336770646945936E-4 3.555386204556754E-6 1.6150651704904817E-7 1.2623755374363554E-9 4.3080650158344724E-11 9.312550730555813E-13 2.1760371282653068E-14 
5.812046 1.4654943925052066E-14 1.7976931348623157E308 2.8699754251458427 0.07704624408364724 0.002047360253542241 1.3181484295632373E-5 2.3787248482065593E-7 3.4220062339329615E-9 9.179546012205719E-11 1.3291590050812374E-12 2.1760371282653068E-14 1.4654943925052066E-14 
5.821699 1.4654943925052066E-14 1.7976931348623157E308 3.184382818001968 0.18130306459243473 0.0015057288454554119 2.3206333370939802E-5 6.67818693234068E-7 1.2302699747834822E-8 3.394409198165249E-10 3.9119818495692016E-12 7.149836278586008E-14 1.4654943925052066E-14 
5.755133 1.4654943925052066E-14 1.7976931348623157E308 2.7184312747195745 0.022377786737326932 1.7242120634763936E-4 1.6877026465245137E-6 1.791244175208817E-8 3.49981821301526E-10 2.4980018054066022E-12 4.3076653355456074E-14 1.4654943925052066E-14 1.4654943925052066E-14 
5.801649 1.4654943925052066E-14 1.7976931348623157E308 2.622888014028892 0.1855317234155618 0.0013813059705367614 1.915814386821424E-5 4.1342097079066775E-7 6.25769702722323E-9 9.926326427489585E-11 9.525713551283843E-13 4.6629367034256575E-14 1.4654943925052066E-14 
5.8164 1.4654943925052066E-14 1.7976931348623157E308 3.4165082028361877 0.05889597701787297 6.85037071701533E-4 8.147485143883415E-6 9.371831000137831E-8 2.5604625086828037E-9 5.526645807663044E-11 7.251976796851523E-13 2.886579864025407E-14 1.4654943925052066E-14 
5.793747 1.4654943925052066E-14 1.7976931348623157E308 2.6265692027969014 1.2481353249610874 0.018319744887783873 3.1929285554754827E-4 6.371234239299639E-6 6.060237156546577E-8 6.925024997883611E-10 8.01181343490498E-12 1.354472090042691E-13 1.4654943925052066E-14 
5.761591 1.4654943925052066E-14 1.7976931348623157E308 1.9716600572795788 0.05459254137259295 4.602573144265598E-4 1.5068462318357234E-5 2.625239123865697E-7 5.319436002793054E-9 1.2124035109195574E-10 1.8052226380405045E-12 2.531308496145357E-14 1.4654943925052066E-14 
5.819751 7.549516567451064E-15 1.7976931348623157E308 3.6841446395805453 1.2232988846502306 0.003217203998567175 4.304173016977941E-5 5.577075445906132E-7 5.9604201574359195E-9 9.519185439899047E-11 9.809930645587883E-13 2.886579864025407E-14 7.549516567451064E-15 
