10.118998 1.340421287872314 1.7976931348623157E308 2.0553111977599916 1.3576959190822255 1.3405245055225277 1.3404490904299675 1.3404213083630627 1.3404212880362718 1.3404212878729216 1.340421287872314 1.340421287872314 1.340421287872314 
9.327788 4.3610004496486E-11 1.7976931348623157E308 3.886312353099694 1.9451195037350755 0.16338418053599613 0.0026300107290819774 9.501121003241408E-5 2.0184380216115017E-6 1.3880800908694368E-7 1.2145840333488422E-8 5.0582160682211E-10 4.3610004496486E-11 
9.76357 0.9313046018168305 1.7976931348623157E308 6.159259735164298 1.7782847453114674 0.9335474724682631 0.9313135552341518 0.931304623238685 0.9313046018182125 0.9313046018175588 0.9313046018168305 0.9313046018168305 0.9313046018168305 
10.417334 4.3933301441256845E-11 1.7976931348623157E308 5.057551296730431 2.1251064745140487 0.9400653648241684 0.004684853535124933 2.745845260148094E-4 1.3048148762795364E-5 9.052306180201697E-7 6.372798155851456E-8 2.6092270566380193E-9 4.3933301441256845E-11 
10.466771 4.759614924410016E-11 1.7976931348623157E308 4.347114462915609 1.9940902231168462 0.02276793809465305 0.0020494512781152885 2.4756373898116024E-4 2.6530491457510408E-5 1.1076540293863957E-6 2.722965364299057E-8 5.951013015703666E-10 4.759614924410016E-11 
9.749026 8.865517209244445E-10 1.7976931348623157E308 6.67402892658145 4.721058145124044 2.7267883984457737 0.7205812520273516 0.010558359772713022 1.9980472653502446E-4 1.0972754190152756E-5 4.544173290987885E-7 2.4541652710041717E-8 8.865517209244445E-10 
10.019996 2.956766373071009 1.7976931348623157E308 5.0747811901106985 2.9836457337487805 2.9568967434076012 2.9567665336591173 2.956766373242584 2.9567663730727003 2.9567663730710163 2.956766373071009 2.956766373071009 2.956766373071009 
9.751325 1.777996986870836 1.7976931348623157E308 2.5598991967981424 1.7792942476035525 1.777999854163078 1.7779969890512572 1.7779969868751704 1.7779969868708503 1.777996986870836 1.777996986870836 1.777996986870836 1.777996986870836 
10.242417 5.732795949283783 1.7976931348623157E308 6.498309689725417 5.732947846138146 5.732796072244479 5.732795949391697 5.732795949284011 5.732795949283794 5.732795949283787 5.732795949283787 5.732795949283783 5.732795949283783 
9.608992 1.155148502709825 1.7976931348623157E308 4.224152514592593 1.9120918121012633 1.1563039080224375 1.1551541092213857 1.1551485105693229 1.1551485027136157 1.1551485027098356 1.155148502709825 1.155148502709825 1.155148502709825 
9.780788 1.5017465674514772 1.7976931348623157E308 3.018915075288984 1.5035832406984224 1.5017528002058786 1.501748873372844 1.5017465690835334 1.5017465674526531 1.5017465674514807 1.5017465674514807 1.5017465674514772 1.5017465674514772 
9.584384 1.340421287872314 1.7976931348623157E308 3.4468242912837863 1.410043976281234 1.3406507524746805 1.3404216737408743 1.340421287936309 1.3404212878724597 1.3404212878723212 1.3404212878723176 1.340421287872314 1.340421287872314 
9.239614 2.7999824681046448E-12 1.7976931348623157E308 3.4495693723019945 0.9763018165752801 0.022637937189554425 0.0015251707049697139 2.95035651451947E-5 9.286110302930695E-7 1.4909609991065054E-8 3.3276892352773757E-10 1.5908740991221748E-10 2.7999824681046448E-12 
10.916103 1.3404212878723176 1.7976931348623157E308 8.372830533208756 3.969811807032095 2.0420557539787905 1.3411043080655145 1.3404369780352785 1.3404213064982469 1.340421287900622 1.3404212878723638 1.3404212878723212 1.3404212878723176 
9.273037 3.0181515064953146E-9 1.7976931348623157E308 2.978382476403507 1.662012442875835 0.14221155243629058 0.009266886267824237 0.0013292837314868855 6.114254294731225E-5 2.7943424787402193E-6 9.30812515509416E-7 7.24128885742914E-8 3.0181515064953146E-9 
9.344364 7.418510250545296E-12 1.7976931348623157E308 5.9645598205848 2.728900141756171 1.0202656561828118 0.0259493567604534 4.0795153182360266E-4 6.909715942970962E-6 1.807590561675454E-7 1.681549877119437E-8 2.983466806938395E-10 7.418510250545296E-12 
9.258867 1.4996892616636615E-12 1.7976931348623157E308 4.369574632718031 0.2606489833832488 0.0135504321783384 5.407865013649094E-4 2.5182140899193683E-5 8.803349982322572E-7 2.1404752192921706E-8 1.8606631790873962E-9 3.9385827932392203E-11 1.4996892616636615E-12 
9.883994 3.02192427780064 1.7976931348623157E308 3.8967573936488873 3.023658380451185 3.0219763590236366 3.021924310838291 3.0219242779100033 3.0219242778010735 3.02192427780064 3.02192427780064 3.02192427780064 3.02192427780064 
9.526721 1.8058887718552796E-11 1.7976931348623157E308 1.8099530331823996 0.12170314852332043 0.00855804586763087 0.0019519194822774644 1.4806161761571346E-4 8.437814348116746E-6 2.1273274741773207E-7 8.266877404849993E-9 2.4547519572593046E-10 1.8058887718552796E-11 
9.819221 0.931304601816834 1.7976931348623157E308 2.7583051456840235 0.9426000983530689 0.9313119659798841 0.9313050735916346 0.9313046027370473 0.9313046018171929 0.9313046018168483 0.9313046018168447 0.9313046018168447 0.931304601816834 
