6.898294 18.878088290112245
6.934272 10.88492679937061
6.975371 94.49714984669511
6.964323 23.488448961430514
7.076693 11.215185060370342
6.909047 75.5367345249333
6.753352 7.439576517871512
6.589078 256.8155900747482
6.794153 25.066001368398837
6.673894 110.2117257379586
6.843319 16.87581788371437
6.745694 79.64188331818103
6.985265 71.94361557491166
7.320318 8.08303393444727
7.566538 10.402783778974698
7.247329 0.6453375347640875
6.65344 0.23964640251602998
7.210451 84.5551619410655
7.316944 89.60553056615952
8.342621 70.96018594791995
