188.840641 4.0768043938105665 1.7976931348623157E308 151.70604699648737 73.7478136591945 71.25081015613249 35.015442910956175 4.632706020622669 4.336269139845362 4.2149579166525895 4.145874589207369 4.108282492628752 4.0768043938105665 
192.680085 7.487529691571131 1.7976931348623157E308 854.7931896173455 34.706769148337855 11.952193538594061 11.104926149525959 10.456474277084714 9.854696848036797 9.3155614386708 8.724889738076328 8.073915511559147 7.487529691571131 
187.932528 22.24585425343653 1.7976931348623157E308 606.6010160052277 339.42209528245866 297.96980505359545 151.24908133098918 26.476269824352425 25.21254217546354 24.51588214229193 23.690425531505838 22.902154404149144 22.24585425343653 
185.406476 19.22064548124699 1.7976931348623157E308 600.155419998655 27.043790033630227 25.089369280161975 23.918351002947993 23.28339312647434 22.446228360964763 21.46794151270498 20.771547313737763 20.027822259830696 19.22064548124699 
183.765046 75.0219912602564 1.7976931348623157E308 243.55605250771399 88.70016817525799 84.55038453488255 81.7658700581636 80.73484944763935 79.09999939905248 77.60174338783554 76.70226519791866 76.20530892296927 75.0219912602564 
184.879459 9.322354552477918 1.7976931348623157E308 492.637465317528 80.96319475977059 15.461728207106015 14.115602628294415 13.124897896902109 12.381001004322286 11.550240223423257 10.912061533160806 10.163395795498227 9.322354552477918 
190.229158 68.58653422824577 1.7976931348623157E308 226.74182195831878 76.41228088352548 75.49164607294037 74.50902556283548 73.25453140221165 72.34004463760759 71.38687925920576 69.86455119282789 69.07380739796415 68.58653422824577 
189.814433 19.365559037075048 1.7976931348623157E308 172.9658901187361 27.450143394485824 25.581806562791034 24.41586625384773 23.06343913626279 22.13470902058469 21.30708348967378 20.882794252423327 20.072647330343848 19.365559037075048 
187.345721 14.537654199394915 1.7976931348623157E308 324.40246155242875 96.21771246716823 93.30336510313504 92.2275050716672 89.93537536764487 88.06434505880627 84.28771403841345 81.41223499708624 16.670886002884945 14.537654199394915 
192.936593 10.86692302839172 1.7976931348623157E308 8261.110600436006 71.2188506161006 16.15568716457464 15.271668540889276 14.646951500461565 13.840929981764067 13.266847332304373 12.530791924653364 11.686987917477628 10.86692302839172 
188.511087 12.028101763892987 1.7976931348623157E308 187.67048532769175 19.860746613278007 18.030481178923285 17.118065527463465 16.49061112240837 15.34960821597167 14.097031970108471 13.407144721564956 12.53531306665075 12.028101763892987 
188.988207 86.69642525202842 1.7976931348623157E308 238.395988863458 104.950899492701 98.22291315371334 95.95574066086176 94.21125182993634 91.36802050899774 90.37136564763918 89.27382582716011 87.91825431539951 86.69642525202842 
192.769351 15.353135684984853 1.7976931348623157E308 246.3435640064971 90.30929204270481 20.904018404696778 20.12414299505077 19.395367330596486 18.455505196237606 17.684794803016757 16.979230037467815 16.05989760034377 15.353135684984853 
194.629979 14.385682220352287 1.7976931348623157E308 750.0225721348266 388.1876768291442 313.9255508425029 280.046752457519 235.3071259520055 112.27290217042153 16.794878970987504 15.619846989975745 14.992173993532301 14.385682220352287 
191.821542 1.6363905763931963 1.7976931348623157E308 255.83071367223826 79.92244996578755 76.02733409963523 74.39259783458007 72.5047803060667 71.61418585375355 70.23646393508122 69.0570654808933 3.491829813624582 1.6363905763931963 
188.631203 18.39071411985586 1.7976931348623157E308 769.2121964727709 171.41887866488713 145.72654644301076 136.8251691200648 113.79221983068685 23.838670385839503 20.776017690118532 20.138515604546015 19.47291854838256 18.39071411985586 
185.593248 20.803260841893742 1.7976931348623157E308 240.64768599216188 176.0116569282532 80.70950727117615 27.84497989364291 25.27670057197765 24.10125900765678 23.28213480160067 22.358837410742698 21.604064581443083 20.803260841893742 
186.329646 21.433782741776263 1.7976931348623157E308 6814.114656223519 36.163590954425985 26.49363247635869 25.794002944596965 25.220258116229786 24.277266250676018 23.48269453379517 22.90344638972009 21.851972857617714 21.433782741776263 
185.509472 77.85423534965524 1.7976931348623157E308 467.931278412779 94.99840517544746 87.48043974980126 84.5080957181633 82.93093641842596 81.58158586944845 80.654917003017 79.41245387508766 78.36539147729864 77.85423534965524 
190.4935 0.1338155639467708 1.7976931348623157E308 660.2042797150228 75.18865985160573 70.99362938811348 70.10052481814265 67.45345507609048 0.9275232130265548 0.45677097397152666 0.2723695866057433 0.17818190828990677 0.1338155639467708 
