6.068786 4.768185846160122E-12 1.7976931348623157E308 3.2638869860247905 0.7085454841679604 0.0265293738673944 5.845021245325377E-4 3.0483044082263433E-5 6.932004876780695E-7 2.8626193415703938E-8 1.3126819631281705E-9 7.796119305680804E-11 4.768185846160122E-12 
6.582791 2.5782487256265085E-11 1.7976931348623157E308 3.483324017395223 0.916894662663545 0.014168747307334417 7.022312450790658E-4 7.835702385650123E-5 4.15543777920746E-6 2.0797542577000172E-7 9.62509405511014E-9 2.415458943971771E-10 2.5782487256265085E-11 
6.326917 4.602940251174914E-11 1.7976931348623157E308 2.839208852470009 1.5518070041324852 0.6653704231443816 0.002849374927873516 1.6260508271104257E-4 1.0059527359107534E-5 4.022580211149318E-7 2.9447285943007273E-8 9.683494006651472E-10 4.602940251174914E-11 
6.274122 4.205391590517138E-11 1.7976931348623157E308 3.3498200081327743 1.3569792184166336 0.08898982656460719 0.0060653815176334724 3.094994682624197E-4 1.3759625915543694E-5 4.629684302592807E-7 2.1665837568463076E-8 8.352576408299228E-10 4.205391590517138E-11 
6.162384 4.75042227776612E-12 1.7976931348623157E308 3.568786242495396 1.319269369337452 0.008839731912257509 3.2303890434493E-4 2.573991823995314E-5 1.2237328381736745E-6 4.608996961863454E-8 2.8599598245193647E-9 9.151834845511075E-11 4.75042227776612E-12 
6.363711 1.5721202117902067E-11 1.7976931348623157E308 3.239292756993859 1.787859744374185 0.09092092484172953 0.003913573600204945 2.2063515232462194E-4 5.9797463447530674E-6 3.0861049227226545E-7 1.3560971456882953E-8 3.6315883633619706E-10 1.5721202117902067E-11 
7.431616 2.7609026176378393E-12 1.7976931348623157E308 2.3200393000386694 0.12941321313988796 0.006923472640373962 4.0046203487564824E-4 3.082301432799639E-5 1.1217596669332863E-6 4.633021477573607E-8 1.9278165730440833E-9 6.828715370943428E-11 2.7609026176378393E-12 
6.399964 8.948974894451567E-11 1.7976931348623157E308 3.7933435912438047 1.6855368515338367 0.046807090370667215 0.001574582087759513 2.771531216692047E-4 1.2392720585285844E-5 2.181451705940418E-6 5.952676618292685E-8 2.746159299960027E-9 8.948974894451567E-11 
6.793767 9.809930645587883E-13 1.7976931348623157E308 3.0857354742636045 0.08059171980043844 0.008519265180507052 2.200257949316331E-4 5.0566947646935034E-6 3.3273388355681277E-7 1.3636662021809798E-8 7.930052170479485E-10 2.277689148399986E-11 9.809930645587883E-13 
6.882045 2.997606607380021E-10 1.7976931348623157E308 5.066176164657438 2.398367868520858 1.5453539034922703 0.0202856505017448 4.860703346136752E-4 3.245315799604853E-5 1.9967146056565355E-6 1.8922119382480673E-7 5.347019271795261E-9 2.997606607380021E-10 
7.364 1.1941558852868184E-12 1.7976931348623157E308 3.0164233054545773 0.6762948112896017 0.012998939737852044 0.0015344676818753733 6.253554381219217E-5 1.92311431534975E-6 6.466483570832793E-8 2.188283776405342E-9 4.965672317780445E-11 1.1941558852868184E-12 
6.02902 1.2482148648018665E-10 1.7976931348623157E308 3.875264972002729 0.26010161355890604 0.005186232535355106 4.347924957710525E-4 1.3716162719834557E-5 1.6233080235572572E-6 7.783349476042645E-8 5.7377467221897405E-9 1.01057695545137E-9 1.2482148648018665E-10 
5.984038 8.068656853765788E-12 1.7976931348623157E308 3.391778244545702 0.25825395824682973 0.00574422822625964 1.7804314051206305E-4 7.075268545708724E-6 2.367220877097509E-7 1.7449881983822024E-8 1.6543535430457723E-9 1.3356116213003588E-10 8.068656853765788E-12 
6.000979 5.908606937055083E-12 1.7976931348623157E308 3.5120079541488995 0.14080224672860142 0.009261920661881806 1.371831376251187E-4 4.8348501562323065E-6 3.722442198927922E-7 3.5310368406982207E-8 4.7442090256311076E-9 1.967390694801452E-10 5.908606937055083E-12 
6.048162 2.0650148258027912E-13 1.7976931348623157E308 3.1768042028293135 0.9887484756805383 0.0065940189462669885 2.4094135112351367E-4 7.948488832898448E-6 3.061227080713991E-7 1.2368570612153462E-8 2.904916307500116E-10 7.94431187500777E-12 2.0650148258027912E-13 
6.873128 3.404965198683385E-11 1.7976931348623157E308 4.056611278836577 1.0249757076828527 0.05911294656868593 0.0012192372481831804 7.165493651983823E-5 1.5446449244116423E-6 9.419822832867908E-8 6.333114033196807E-9 3.082232247209049E-10 3.404965198683385E-11 
6.590469 4.5276227211843434E-11 1.7976931348623157E308 4.551101916242256 2.0580097811844884 1.0375924776791803 0.017236606372656116 3.6806295604607797E-4 1.2731019925826814E-5 6.453506000703157E-7 3.3086486883604493E-8 2.5173183537674504E-9 4.5276227211843434E-11 
6.598705 1.2331913268326389E-11 1.7976931348623157E308 4.6108975827251975 1.595402441299019 0.03732941996272432 0.001513705596313475 7.002432336777886E-5 2.9030159010012824E-6 1.209992750439426E-7 7.746415509046756E-9 2.5384183643950564E-10 1.2331913268326389E-11 
6.167849 7.027711745877241E-12 1.7976931348623157E308 2.8683272482618567 0.7511294661626065 0.016444743306508247 0.0024320089337739326 8.699461840366851E-5 2.21848685955095E-6 8.998272393867524E-8 4.334055336840947E-9 1.5101564443398274E-10 7.027711745877241E-12 
6.333073 1.5796830510339532E-10 1.7976931348623157E308 3.4385099046351013 1.834224242610905 0.6643473437077643 0.009884193704771338 3.955847184227146E-4 2.5749480237369227E-5 1.644242832998799E-6 5.2878533995937005E-8 2.7536661839633325E-9 1.5796830510339532E-10 
