14.13219 68.65196285007183 1.7976931348623157E308 70.47069752129859 68.65237480563376 68.6519635740726 68.65196285086235 68.65196285007224 68.65196285007183 68.65196285007183 68.65196285007183 68.65196285007183 68.65196285007183 
20.251209 44.77303629689065 1.7976931348623157E308 55.939872788705735 44.77487361673066 44.7730374560545 44.77303629716444 44.77303629689145 44.77303629689066 44.77303629689065 44.77303629689065 44.77303629689065 44.77303629689065 
20.938876 41.78822493647023 1.7976931348623157E308 42.570018039434544 41.78945539991492 41.78822530097485 41.788224937927986 41.788224936471124 41.78822493647023 41.78822493647023 41.78822493647023 41.78822493647023 41.78822493647023 
14.45217 29.84874652370334 1.7976931348623157E308 49.161630297820075 33.949575046545505 29.84891724106515 29.848746707227157 29.84874652383086 29.848746523703454 29.848746523703348 29.848746523703348 29.84874652370334 29.84874652370334 
14.879904 65.66713111003992 1.7976931348623157E308 65.92132427328953 65.66719825125276 65.6671311201141 65.66713111004077 65.66713111003995 65.66713111003995 65.66713111003992 65.66713111003992 65.66713111003992 65.66713111003992 
15.133897 70.64188096425839 1.7976931348623157E308 81.0190619255607 70.91300792458058 70.64201431545182 70.64188099433606 70.6418809642682 70.64188096425845 70.64188096425839 70.64188096425839 70.64188096425839 70.64188096425839 
15.247085 35.818480669548634 1.7976931348623157E308 45.43557354302071 35.819620372786325 35.81848100776806 35.81848066965361 35.81848066954883 35.81848066954864 35.81848066954864 35.818480669548634 35.818480669548634 35.818480669548634 
15.854951 47.757969203391816 1.7976931348623157E308 60.19081117416003 48.21188809392767 47.75799761975966 47.75796920794403 47.75796920339229 47.757969203391816 47.757969203391816 47.757969203391816 47.757969203391816 47.757969203391816 
15.198546 85.56622647266701 1.7976931348623157E308 86.67430254499101 85.56682875711967 85.56622677496705 85.56622647281009 85.56622647266711 85.56622647266701 85.56622647266701 85.56622647266701 85.56622647266701 85.56622647266701 
14.371026 48.752903025951575 1.7976931348623157E308 55.657838077190874 48.76090998183575 48.752934346178705 48.75290304080231 48.752903025953096 48.752903025951575 48.752903025951575 48.752903025951575 48.752903025951575 48.752903025951575 
14.638934 76.61165064861052 1.7976931348623157E308 78.79475035768235 76.61184508270051 76.6116507107837 76.61165064861758 76.61165064861055 76.61165064861052 76.61165064861052 76.61165064861052 76.61165064861052 76.61165064861052 
14.366671 78.60147753450713 1.7976931348623157E308 87.09765131159513 78.60399710437571 78.60147798614491 78.6014775345905 78.60147753450728 78.60147753450714 78.60147753450713 78.60147753450713 78.60147753450713 78.60147753450713 
12.896145 51.737699227476625 1.7976931348623157E308 55.10042511838507 51.73918811861325 51.73769936730136 51.737699227506106 51.73769922747666 51.73769922747663 51.73769922747663 51.73769922747663 51.737699227476625 51.737699227476625 
13.56776 86.56113991561531 1.7976931348623157E308 91.90764885460344 86.56197588757142 86.56114041668155 86.56113991785529 86.56113991561645 86.56113991561534 86.56113991561534 86.56113991561534 86.56113991561534 86.56113991561531 
13.308306 58.702468362350956 1.7976931348623157E308 66.02709054783361 58.71719708459496 58.70247162743874 58.702468365687224 58.702468362351254 58.70246836235096 58.70246836235096 58.702468362350956 58.702468362350956 58.702468362350956 
13.333406 50.742821140138155 1.7976931348623157E308 79.72874198092879 50.85121985729094 50.74394229478039 50.74282118011551 50.742821140145644 50.74282114013816 50.742821140138155 50.742821140138155 50.742821140138155 50.742821140138155 
13.593175 53.727678114703565 1.7976931348623157E308 82.244818967518 53.752351489497435 53.727689987485846 53.72767811873497 53.727678114715275 53.72767811470361 53.727678114703586 53.72767811470357 53.727678114703565 53.727678114703565 
14.854753 70.64183535011341 1.7976931348623157E308 86.51833936609611 70.65928339695763 70.64185448777542 70.64183535233545 70.64183535011425 70.64183535011345 70.64183535011341 70.64183535011341 70.64183535011341 70.64183535011341 
13.915777 51.73778523505052 1.7976931348623157E308 58.186262156930866 51.750154141983494 51.73779070128311 51.737785236036885 51.737785235050694 51.73778523505052 51.73778523505052 51.73778523505052 51.73778523505052 51.73778523505052 
14.290316 43.77816324737126 1.7976931348623157E308 45.94949552330979 43.79996696577828 43.77819767654717 43.77816330446799 43.77816324737847 43.778163247371275 43.77816324737127 43.77816324737126 43.77816324737126 43.77816324737126 
