20.556278 21.21278135087847
20.97164 3.7402167266577426
21.317061 21.75790266766399
20.866704 101.48432616127731
20.773723 1.584456830599502
22.207001 74.71996699644485
20.697698 23.70311623312494
21.566955 79.40174621256864
21.110999 18.084465408510397
20.932637 23.603092084411273
21.201438 10.303373785574504
20.91503 99.4447860553126
21.030823 23.72091452266716
20.676887 81.31192164650436
20.670825 0.09338194171650649
20.812491 161.28656400101173
20.506119 76.15787189436101
20.833396 22.575602789550672
21.226929 10.699325220823614
21.231794 10.83100222048683
