10.145072 1.4654943925052066E-14 1.7976931348623157E308 2.2672215742959634 0.027136531465061342 2.526851708393174E-4 3.24205581536674E-6 2.4463606695945828E-8 4.676299347750046E-10 2.9953817204386723E-12 4.3076653355456074E-14 1.4654943925052066E-14 1.4654943925052066E-14 
9.93376 7.549516567451064E-15 1.7976931348623157E308 1.387572021226053 0.0063250359540849566 6.406988649887424E-5 3.5870405001858785E-7 2.2190502768637543E-9 4.29101199017623E-11 3.8413716652030416E-13 1.4654943925052066E-14 7.549516567451064E-15 7.549516567451064E-15 
9.978786 1.4654943925052066E-14 1.7976931348623157E308 2.007503102413502 0.016238926121254327 1.4227928252141808E-4 1.7266392799974994E-6 2.9993416195139844E-8 1.946607319780469E-10 1.1870504579292174E-12 2.1760371282653068E-14 1.4654943925052066E-14 1.4654943925052066E-14 
9.996986 1.4654943925052066E-14 1.7976931348623157E308 2.090788288094839 0.009353343725682084 7.160340265288667E-5 1.161979117814127E-6 1.3410673904701298E-8 1.4818768434565754E-10 1.9615420399077266E-12 3.241851231905457E-14 1.4654943925052066E-14 1.4654943925052066E-14 
9.883378 1.4654943925052066E-14 1.7976931348623157E308 1.9586127350328124 0.011424356798539481 9.076614286174234E-5 6.626215491856158E-7 7.454311390375779E-9 1.1062839533337865E-10 1.0023093466315913E-12 2.1760371282653068E-14 1.4654943925052066E-14 1.4654943925052066E-14 
9.713678 1.4654943925052066E-14 1.7976931348623157E308 1.401131110596634 0.0042616629803586825 2.798218789878959E-5 2.1960143259391884E-7 2.4495752093400824E-9 2.4080737404119645E-11 2.4913404672588513E-13 1.4654943925052066E-14 1.4654943925052066E-14 1.4654943925052066E-14 
9.856823 1.4654943925052066E-14 1.7976931348623157E308 2.4216965292040737 0.018640534297670985 1.456393967349534E-4 1.6980702217672672E-6 2.4648401097948636E-8 4.0480019336541773E-10 3.538946913295149E-12 5.0182080713057076E-14 1.4654943925052066E-14 1.4654943925052066E-14 
9.912957 7.549516567451064E-15 1.7976931348623157E308 1.1915141449224405 0.00673088231669583 4.563747669950047E-5 4.911691857678591E-7 5.768452826515613E-9 7.004574698044053E-11 8.246736626915663E-13 2.1760371282653068E-14 7.549516567451064E-15 7.549516567451064E-15 
10.215214 1.4654943925052066E-14 1.7976931348623157E308 2.1662942143678774 0.018435413204287432 1.8613104084908016E-4 1.2080365654476566E-6 1.4141072757212214E-8 1.316036168930168E-10 1.7270629371068935E-12 3.241851231905457E-14 1.4654943925052066E-14 1.4654943925052066E-14 
10.275366 7.549516567451064E-15 1.7976931348623157E308 2.424085795075442 0.05028923040292854 4.499999825466894E-4 3.3222332196380933E-6 5.4965145768193224E-8 6.203788593950321E-10 5.830447236121472E-12 5.728750807065808E-14 7.549516567451064E-15 7.549516567451064E-15 
9.832389 1.4654943925052066E-14 1.7976931348623157E308 1.9346871081463815 0.02642728436419306 1.3700337621758152E-4 1.566624334703448E-6 9.52821155308925E-9 6.604183866443236E-11 6.505906924303417E-13 2.1760371282653068E-14 1.4654943925052066E-14 1.4654943925052066E-14 
10.388751 1.4654943925052066E-14 1.7976931348623157E308 2.655319831182926 0.0789199611884368 4.187265781010474E-4 4.389243728031289E-6 4.7663018865051754E-8 1.0155294383196178E-9 1.814770556052281E-11 3.2374103398069565E-13 1.4654943925052066E-14 1.4654943925052066E-14 
9.855632 1.4654943925052066E-14 1.7976931348623157E308 2.244811413241806 0.03309722727659592 4.0174197826958746E-4 4.710263717289109E-6 4.6192259350874565E-8 3.649636148850277E-10 3.084199562408685E-12 3.241851231905457E-14 1.4654943925052066E-14 1.4654943925052066E-14 
9.791423 7.549516567451064E-15 1.7976931348623157E308 1.4208289967227938 0.003853850630037403 3.3487115868258144E-5 1.7927022755159783E-7 2.2173733960073605E-9 2.948086219589641E-11 2.9887203822909214E-13 1.4654943925052066E-14 7.549516567451064E-15 7.549516567451064E-15 
9.917006 1.4654943925052066E-14 1.7976931348623157E308 2.344262623632901 0.050917416698478934 5.750134699309406E-4 9.8830206671785E-6 1.6454506779339795E-7 2.1621002765925823E-9 2.184608050015413E-11 1.780797731498751E-13 1.4654943925052066E-14 1.4654943925052066E-14 
10.010095 1.4654943925052066E-14 1.7976931348623157E308 2.3991171747153968 0.06840673500410732 2.4754007702698644E-4 2.559147369129988E-6 2.2110118624851793E-8 1.5860424085190061E-10 2.021938172447335E-12 3.597122599785507E-14 1.4654943925052066E-14 1.4654943925052066E-14 
10.095127 1.4654943925052066E-14 1.7976931348623157E308 2.637043154501001 0.022864749458353817 1.83543856433932E-4 2.6094109988328285E-6 6.038067867919494E-8 5.376539213841625E-10 5.3366200347682025E-12 5.728750807065808E-14 1.4654943925052066E-14 1.4654943925052066E-14 
9.907361 1.8207657603852567E-14 1.7976931348623157E308 2.357403822874581 0.04202010219516028 3.017784893093456E-4 2.286767280867963E-6 1.974993368847322E-8 2.584212843714795E-10 2.4162893907941907E-12 2.886579864025407E-14 1.8207657603852567E-14 1.8207657603852567E-14 
9.917917 7.549516567451064E-15 1.7976931348623157E308 1.7465570188083324 0.004257716460565053 4.1894730952396486E-5 7.777978869860647E-7 8.875261858776184E-9 6.141975816831291E-11 7.749356711883593E-13 1.8207657603852567E-14 7.549516567451064E-15 7.549516567451064E-15 
10.296271 1.4654943925052066E-14 1.7976931348623157E308 2.132137421747441 0.008081760861298637 9.172525918588192E-5 7.663519459022439E-7 8.038285148614932E-9 8.68713989632397E-11 8.815170815523743E-13 2.1760371282653068E-14 1.4654943925052066E-14 1.4654943925052066E-14 
