5.423515 83.57637920715896
5.096392 90.54101672031436
5.209197 74.62168673738194
5.299746 83.57627281997361
5.595205 115.41480098122254
5.345339 91.53597073958859
5.467193 66.66213074345913
4.978664 101.48534816572223
5.060569 108.45011281610306
4.890569 85.56625189009756
4.664668 101.48536854533367
5.186238 99.4955723476564
5.250462 76.6117062009348
5.229565 123.37448374194241
5.152976 67.65710495944779
4.895959 51.737780197231444
5.004173 67.65706960383798
5.316051 75.61671178823168
4.949591 67.65704940712354
4.642143 67.65701895187391
