88.059916 7.549516567451064E-15 1.7976931348623157E308 1.0033705983206471 0.004829428646492051 7.578660950757765E-5 6.278920108293562E-7 7.94540655491005E-9 3.0861757593925176E-10 3.752109734023179E-12 3.241851231905457E-14 1.4654943925052066E-14 7.549516567451064E-15 
94.201689 1.155148502709825 1.7976931348623157E308 4.5491170681518085 1.203702363159803 1.1552017278269315 1.1551485055283846 1.155148502711246 1.155148502709832 1.1551485027098285 1.155148502709825 1.155148502709825 1.155148502709825 
87.893906 1.4654943925052066E-14 1.7976931348623157E308 0.8442558401135192 0.006384973968398544 4.822216842415017E-5 5.657625519184251E-7 5.437400307783946E-9 1.1090905971400389E-10 2.2244428521389636E-12 4.3076653355456074E-14 1.4654943925052066E-14 1.4654943925052066E-14 
89.440599 7.549516567451064E-15 1.7976931348623157E308 0.38713583121836637 0.0030244260416982804 5.313698528341959E-5 1.6177771700043309E-7 1.785640524332166E-9 1.7685852782278744E-11 1.9229062786507711E-13 1.4654943925052066E-14 7.549516567451064E-15 7.549516567451064E-15 
87.380798 1.4654943925052066E-14 1.7976931348623157E308 1.9582281381287143 0.04393437264395006 5.716732680522973E-4 5.943316076173488E-6 6.702732635588404E-8 1.5965224697822578E-9 6.258860096863827E-11 1.2936318682932324E-12 7.149836278586008E-14 1.4654943925052066E-14 
92.109612 1.340421287872314 1.7976931348623157E308 2.8345242201077068 1.3412179074049821 1.3404213499853737 1.340421287893769 1.3404212878723247 1.3404212878723176 1.340421287872314 1.340421287872314 1.340421287872314 1.340421287872314 
87.450512 7.549516567451064E-15 1.7976931348623157E308 3.0325563326581 0.05778989183991401 7.257144835652873E-4 6.192378851910263E-6 8.460697076273505E-8 1.0282552587170812E-9 4.316991208952459E-12 2.7400304247748863E-13 1.4654943925052066E-14 7.549516567451064E-15 
87.218172 7.549516567451064E-15 1.7976931348623157E308 2.327690981334197 0.02606462116739694 2.5122518172837616E-4 3.1583269977097927E-6 6.312201650260363E-8 4.379860918390932E-10 4.981348666888152E-12 6.794564910705958E-14 1.1102230246251565E-14 7.549516567451064E-15 
96.849789 1.4654943925052066E-14 1.7976931348623157E308 2.153820481586035 0.038828641467681724 5.09814924843699E-4 1.1188159636521533E-5 3.115707483125618E-7 8.40795566503516E-9 1.2286038852948877E-10 4.647393581080905E-12 3.241851231905457E-14 1.4654943925052066E-14 
92.137501 7.549516567451064E-15 1.7976931348623157E308 2.001418467284385 0.033798571719242165 2.248311175461204E-4 2.2634184557723813E-6 2.0235184639005865E-8 1.4561907235588478E-10 2.927880160541463E-12 4.3076653355456074E-14 7.549516567451064E-15 7.549516567451064E-15 
93.376053 7.549516567451064E-15 1.7976931348623157E308 2.5605715765978343 0.0491710583400331 4.4993598852771655E-4 1.8314168035438172E-6 3.989325181308345E-8 6.675269226263936E-10 5.759392962545462E-12 3.241851231905457E-14 1.4654943925052066E-14 7.549516567451064E-15 
91.785015 7.549516567451064E-15 1.7976931348623157E308 0.44528468505758356 0.001432173903193945 6.968782834793075E-6 3.392727920825678E-8 5.369895639262268E-10 5.397016167307811E-12 1.745270594710746E-13 1.4654943925052066E-14 7.549516567451064E-15 7.549516567451064E-15 
91.54 7.549516567451064E-15 1.7976931348623157E308 1.5915936693626986 0.00993446289249933 2.6578232843776917E-4 9.987256963217561E-6 7.087676268113796E-8 8.073794965923753E-10 5.4929394366354245E-12 5.728750807065808E-14 1.1102230246251565E-14 7.549516567451064E-15 
89.064687 1.4654943925052066E-14 1.7976931348623157E308 2.2747222079057896 0.014652574808252883 1.7647245234231335E-4 2.354569741402912E-6 3.1981596482211216E-8 3.776325918636303E-10 7.819966896249753E-12 1.283417816466681E-13 1.4654943925052066E-14 1.4654943925052066E-14 
84.818849 7.549516567451064E-15 1.7976931348623157E308 0.7213696511969414 9.388762328943479E-4 3.30985895371505E-5 1.7336637414544498E-7 2.7782545153343108E-9 4.302735945316272E-11 8.104628079763643E-13 7.860379014346108E-14 1.4654943925052066E-14 7.549516567451064E-15 
82.712075 7.549516567451064E-15 1.7976931348623157E308 0.8284646869070795 0.009236157797034128 6.736795345974045E-5 1.3727058747470267E-6 4.019551358425133E-9 6.954481435172966E-11 1.872724197937714E-12 1.8207657603852567E-14 7.549516567451064E-15 7.549516567451064E-15 
85.774152 1.4654943925052066E-14 1.7976931348623157E308 0.25477805470278314 0.0014542789680231927 2.4119209691253474E-5 5.769035991143312E-7 7.688609304778993E-9 1.620432676929795E-10 1.3149481503660354E-12 4.3076653355456074E-14 1.4654943925052066E-14 1.4654943925052066E-14 
84.171971 7.549516567451064E-15 1.7976931348623157E308 0.4045347003626465 0.03378103553765088 4.4914334247581067E-4 4.8803927765739274E-6 2.8464967716246292E-8 8.678715524013114E-10 1.0679901407684156E-11 1.816324868286756E-13 2.1760371282653068E-14 7.549516567451064E-15 
84.170173 7.549516567451064E-15 1.7976931348623157E308 0.8116439110103646 0.008425453572652675 6.112488828380336E-5 7.076586610033075E-7 4.404761444476435E-9 3.097300194099262E-11 2.4913404672588513E-13 1.4654943925052066E-14 7.549516567451064E-15 7.549516567451064E-15 
86.652121 7.549516567451064E-15 1.7976931348623157E308 0.791052448765488 0.029565348947607095 3.33651675096025E-4 5.068184972589762E-6 8.592309486132876E-8 9.141705170634395E-10 8.274714247136217E-12 6.439293542825908E-14 1.4654943925052066E-14 7.549516567451064E-15 
