12.520328 6.999568565173087
12.448647 4.227908920814995
12.52585 5.345272423077454
12.478939 4.323264573585919
12.743124 13.41231138549767
12.403905 6.6846379740910224
12.720465 14.71938000158293
12.715315 24.53808631701974
12.696847 69.6571389290706
12.626794 96.02960475735321
12.793869 13.95326229014841
12.746267 22.30604785013049
12.784565 4.116223498786246
12.701999 9.647554062008671
12.746602 2.3150412405630734
12.540739 17.16724329606599
12.452745 77.03315614666195
12.65609 4.827433165192274
12.473197 78.7989585510217
12.483074 1.4147448021895426
