1.597065 71.63694118782145 1.7976931348623157E308 93.4544825997281 80.98102431943067 71.76580194229473 71.64286952504371 71.63701215528812 71.63694760877101 71.63694124866463 71.63694119355064 71.63694118784093 71.63694118782145 
1.54727 49.74768424841728 1.7976931348623157E308 110.73879421255579 76.21274831627713 53.85891960147539 49.748206223690545 49.74768626928159 49.74768424974951 49.74768424871412 49.74768424871101 49.747684248418146 49.74768424841728 
1.496192 41.78819970193672 1.7976931348623157E308 106.378909668085 68.6185637672004 42.42661182131324 41.79128344012034 41.788266774729266 41.78819984914092 41.78819970266141 41.7881997019382 41.78819970193674 41.78819970193672 
1.498183 59.69740218491074 1.7976931348623157E308 108.25751423991876 84.88687081011777 68.85104208911861 59.75357257169328 59.697717946625744 59.69740247159519 59.69740218717204 59.697402184945574 59.69740218491092 59.69740218491074 
1.514817 66.66206493259969 1.7976931348623157E308 96.42651643767641 69.28887429906456 67.66528621564146 66.73103599666705 66.6622127726167 66.66206528594414 66.66206493317884 66.66206493260145 66.66206493259972 66.66206493259969 
1.426972 37.808368511382625 1.7976931348623157E308 87.68940149973744 53.194272318338875 39.137750669894466 37.82776286398496 37.8084751034943 37.80837164417241 37.80836851796274 37.80836851140525 37.80836851138265 37.808368511382625 
1.484864 70.64189612315377 1.7976931348623157E308 91.02829621686182 88.55583289087103 70.71112304495395 70.64191011080815 70.64189618079611 70.64189612336791 70.64189612315872 70.64189612315414 70.6418961231538 70.64189612315377 
1.515936 44.77305667650215 1.7976931348623157E308 90.39993774902445 54.505456960512895 45.2374336439134 44.7834537571728 44.77313872098085 44.77310426935927 44.773056750518 44.77305667678152 44.77305667650364 44.77305667650215 
1.488159 53.72769831141815 1.7976931348623157E308 129.15615417802675 91.11235303402032 63.35182507550576 62.723914775127014 53.73167635420009 53.72774856411547 53.7276985061552 53.72769831260078 53.727698311428284 53.72769831141815 
1.479632 55.71753041803071 1.7976931348623157E308 96.23843381082555 78.1923865627332 71.73682230831001 55.75391683647989 55.7176649034253 55.71753058517832 55.7175304195149 55.71753041803396 55.71753041803089 55.71753041803071 
1.517896 42.78316379685824 1.7976931348623157E308 84.46521787295036 54.9250050405242 48.66101503133479 42.88286397305967 42.78338694788959 42.78329479738572 42.78329427413008 42.78316387319787 42.7831637971826 42.78316379685824 
1.586802 46.76295441107727 1.7976931348623157E308 96.47927331441132 74.67437222270738 53.107637235032726 46.87904968229482 46.769870009469976 46.76295564177073 46.76295441845731 46.76295441116177 46.76295441108118 46.76295441107727 
1.556571 39.79830682228373 1.7976931348623157E308 82.9186509929347 61.95192373349943 57.73550540665865 45.783288873913335 40.80726921871691 39.79974974013151 39.79830864995728 39.79830683406439 39.798306822363315 39.79830682228373 
1.563535 90.54101168335524 1.7976931348623157E308 148.82105946552977 130.7017737921625 92.7972654079727 90.67340255447965 90.65367261595183 90.6532037118499 90.5411413427507 90.54101297696279 90.54101170731924 90.54101168335524 
1.484523 42.783153721211036 1.7976931348623157E308 67.29543552692378 65.3268014043031 55.36631328659217 49.47943756426625 47.77480461597138 42.7865871985214 42.78315786505126 42.78315372630773 42.78315372123628 42.783153721211036 
1.501437 56.71244889879811 1.7976931348623157E308 90.67874960032141 74.59041466664448 67.08635175250163 57.51010906917058 56.71679883607613 56.71245271333258 56.71244893621123 56.71244889887395 56.712448898798435 56.71244889879811 
1.515486 39.79829166338827 1.7976931348623157E308 57.86078008516957 41.58635585112248 39.8359607030914 39.80106210615686 39.79935120464004 39.798292163439775 39.79829167885677 39.79829166350467 39.79829166338965 39.79829166338827 
1.491345 48.752908063770654 1.7976931348623157E308 114.22277377722271 79.42696473478479 53.4362021970916 48.788618989530576 48.753067861085974 48.752908396711085 48.75290806467767 48.75290806377361 48.7529080637711 48.752908063770654 
1.446496 41.78815912561236 1.7976931348623157E308 116.87487523400873 83.01087988423814 60.80508660373425 44.92753443774144 41.795900227998246 41.788213237616034 41.788164229185185 41.788159136521344 41.788159126321005 41.78815912561236 
1.553024 42.78317895574446 1.7976931348623157E308 59.30570999340833 44.44858540560807 42.882710470697745 42.783508212717265 42.78317923592314 42.78317895734715 42.783178955774254 42.783178955744624 42.78317895574447 42.78317895574446 
