4.230939 11.008971194963703 1.7976931348623157E308 8654.986277243463 412.22665518552355 147.01797543612577 128.4762156400091 94.96702040880314 77.44349175503373 65.92854283214524 12.171586072949294 11.118288069204763 11.008971194963703 
4.043336 72.3946246484786 1.7976931348623157E308 68631.33383341276 1261.687975572861 186.23892406715035 88.71248122671714 77.05838454601991 73.83918587513344 72.92915192390066 72.69648963085898 72.54910480595426 72.3946246484786 
4.012017 12.858160790448855 1.7976931348623157E308 9291.220941575939 400.22731613786385 119.74207253389045 80.93092800180324 30.54582309990013 14.121448122573115 13.695679912777035 13.422382507028498 13.19832878208329 12.858160790448855 
4.857169 174.79030827808367 1.7976931348623157E308 14893.613905865981 384.07756909414127 293.2393367346333 191.1178424817885 187.20602066173763 186.52791676866653 183.51469108539956 179.02255060553574 176.15777074241407 174.79030827808367 
5.391663 36.921446033523466 1.7976931348623157E308 49107.45210294925 1381.4415776274843 733.5020090986523 246.69282013090685 104.40254270144642 70.53378065622735 42.940339862868186 39.05081515063858 38.108196979662885 36.921446033523466 
4.030537 72.48949558147926 1.7976931348623157E308 41671.32214756193 1338.517439683735 174.48939203714085 151.46962531192924 144.76472472697012 142.13258135109874 140.34913468945663 139.22614079184444 137.10781171489913 72.48949558147926 
4.594231 5.06605462478888 1.7976931348623157E308 348222.780347852 2908.1117433337445 535.5139431946217 191.19809611066145 39.81981621062305 25.331064863665908 18.502983795069124 9.237423165753993 6.166055937911299 5.06605462478888 
4.012228 75.10496768385454 1.7976931348623157E308 14367.035631110817 973.5389488260595 85.7572558620707 77.19161438265066 76.05676526275039 75.92933948772665 75.80938537937645 75.55518568848927 75.25553310564177 75.10496768385454 
4.140692 12.799857024526812 1.7976931348623157E308 72206.49175343235 696.9977517776023 192.3197993954209 93.36878476704095 24.357544624265497 16.463343469105236 14.9878303931485 14.133787809166423 13.123016769855536 12.799857024526812 
4.115661 78.82263720548526 1.7976931348623157E308 33106.373073487724 246.63846755337389 136.22578235131755 87.79073153002359 83.31425640709887 82.03348335440268 80.427999566273 79.75816918021714 79.20617564882825 78.82263720548526 
4.044246 71.97539835757314 1.7976931348623157E308 7786.993707752402 232.2087010837258 78.1771017616221 74.2741954380005 73.37555254637819 73.28907095127853 73.09487676530156 72.84123238200489 72.53715297455783 71.97539835757314 
4.101744 283.7803626630867 1.7976931348623157E308 18301.17134407443 830.817701590827 345.6276867963033 323.51908653967905 322.1185669395214 315.9743615323524 310.0728436495243 304.2256333404169 296.9277512798623 283.7803626630867 
3.993394 72.8614083235912 1.7976931348623157E308 125727.10855189501 2388.616010884497 154.37090762708252 77.39193955789948 75.70199114967339 74.48359749868094 73.89252677666217 73.57647220508363 73.17157054673285 72.8614083235912 
3.969826 18.170749086543957 1.7976931348623157E308 15008.649585984038 200.53702412760913 75.87023686623239 72.26209106232061 71.96843947308017 71.5480812388477 70.21248832130007 65.39830566601272 18.835921050860293 18.170749086543957 
4.007071 13.477289747965486 1.7976931348623157E308 18655.846739396377 210.61191613904646 124.55522261408835 84.49782992321477 21.333239513939816 18.395937677930387 18.202972931775136 14.203998103750806 13.878101354119261 13.477289747965486 
3.997787 219.73686236318503 1.7976931348623157E308 25435.705587910263 408.7089582580211 266.8457395915585 238.66072370513817 233.7376997777556 233.1149809603489 231.82235902152732 227.78420366857964 226.06125007084395 219.73686236318503 
4.041012 24.55702457933686 1.7976931348623157E308 30429.95332913479 107.05017843904538 29.017554886559967 27.095951172119406 26.19280059340524 25.671133564201284 25.163875077123876 24.964273360115257 24.83837632297018 24.55702457933686 
3.955093 0.15128383212551913 1.7976931348623157E308 9981.142665946656 233.94927661355544 86.38673676897353 68.86910960022965 67.98556730889658 15.378480076536624 0.311350966435904 0.18609198469146537 0.16216873871514556 0.15128383212551913 
3.931081 11.314546543488248 1.7976931348623157E308 8096.668784438412 964.0043462279825 446.8148953223774 126.88909215802778 75.47207134204753 18.80463575091594 12.254023777298693 11.794536893263064 11.639482755527787 11.314546543488248 
3.931228 3.7217155792511005 1.7976931348623157E308 28286.773860037796 390.8717959890154 92.37979767269171 79.62591254942151 78.1623862985835 31.297657432309883 22.80645188688921 22.56368229768526 4.077724567715101 3.7217155792511005 
