74.620415 19.601200567198863
74.307211 22.073028512552458
76.643904 22.86778227501783
72.033908 17.704930143914353
71.810735 0.021804066488248786
70.940682 73.77897040446176
71.508047 20.739514876089352
72.135613 74.97329103632042
72.303885 11.146860618359199
71.800012 21.394604896846428
72.065011 20.324475168993622
71.724149 13.213963898899518
71.649974 19.393271740621238
71.298857 17.292471688791
71.319791 2.0153282236445436
70.842545 9.378954613258927
71.086157 99.67514390713202
72.105424 17.879398080302785
71.716368 16.357359846479614
72.227931 21.556403040072635
