19.65237 35.028409088975366 1.7976931348623157E308 713.0146300961626 111.01916335845331 105.31224734975356 104.22788183218682 103.71820779817352 57.60237984529816 38.90665762109961 37.07897553304032 36.209130663276234 35.028409088975366 
19.61807 2.6315797821983304 1.7976931348623157E308 2352.2612666458313 141.58387256269734 85.70563480760657 83.49454180358477 83.31012486078372 82.99169337080241 82.62897510226786 67.04972607201816 28.37441311768316 2.6315797821983304 
19.113198 11.453528684917416 1.7976931348623157E308 1325.9317324858307 254.8697213663479 235.13363431234853 230.41088086094064 202.6476935001764 188.6677369620124 150.83768684616692 92.06730429699164 11.733486189426388 11.453528684917416 
19.576702 19.949332568901575 1.7976931348623157E308 866.094169815068 149.83452869522668 85.16236497781591 79.55712734661111 72.86651383848431 22.075900530995725 20.862610314414983 20.544654258170475 20.345824467286977 19.949332568901575 
22.747982 27.820673352967095 1.7976931348623157E308 4228.355254357607 187.50632427988376 107.83655395683166 96.32291695088033 95.2225614730194 94.18942738445438 93.04308426560837 91.97953374415289 91.70399683736358 27.820673352967095 
24.164121 72.6230776678345 1.7976931348623157E308 5607.741776091791 138.00918132211322 79.8355058652801 79.03833506940657 75.15468353099222 74.34944043346603 73.88927468666793 73.15088875875621 72.88509460988715 72.6230776678345 
27.686143 9.706850144873554 1.7976931348623157E308 2582.3799636918634 113.73656290950252 16.629000082627066 11.805613607486798 11.425029870925353 10.98239595226495 10.712745308255656 10.418066621787402 10.06106265505058 9.706850144873554 
22.781702 4.254440497676505 1.7976931348623157E308 2875.7263833156594 99.98765530991142 73.1702676103122 13.4067449649328 4.841795012557071 4.4197325233298965 4.388210875732376 4.366792825235795 4.305774777259861 4.254440497676505 
20.648637 78.08168383746992 1.7976931348623157E308 599.366479116011 92.77659703841061 83.55889738825934 82.02147880444184 81.30790747247572 80.65339029479418 80.00157888399372 79.45039341744007 78.41725175284851 78.08168383746992 
20.696207 22.965907938709353 1.7976931348623157E308 3497.128717848914 94.2515695720571 27.174287489429844 25.097105940478958 24.73059356945853 24.32945115426769 24.047288804097704 23.717610481253725 23.39752331083041 22.965907938709353 
21.371888 10.305177766725745 1.7976931348623157E308 1578.7544149179 68.61886902018648 13.433276958245601 12.507749350455612 12.114642947244468 11.569964223806174 11.239377771025657 10.97890914450416 10.627703373940523 10.305177766725745 
19.71069 23.20853734222397 1.7976931348623157E308 2966.9110459125864 80.15272481345785 26.99996109008325 26.135371976413378 25.63025634598668 24.970566698985152 24.46278372208631 24.02268766966499 23.579481196165638 23.20853734222397 
19.627919 16.212107504873455 1.7976931348623157E308 1487.6860798874554 99.00094307494246 82.18771232300787 30.74321060080521 19.15799797307947 17.59105548222094 17.233533877504236 16.89436338562222 16.453235901416743 16.212107504873455 
21.024351 21.932361351953002 1.7976931348623157E308 3663.465059021063 1175.126130284325 1135.6046036962239 986.1285449447536 773.6944706755949 100.91975895467101 32.19170266406257 22.861550524819442 22.490111988934547 21.932361351953002 
20.050977 0.1610123690112496 1.7976931348623157E308 1251.443125847978 119.93632450682765 30.959451527153693 2.414144721030048 0.4225314258022282 0.32497296674468984 0.2629433974504678 0.23239239108649146 0.18950051731571552 0.1610123690112496 
20.529144 68.47034864099408 1.7976931348623157E308 1117.4133071356691 158.27300853740707 75.49400052602114 72.63034715618896 71.67596358792166 70.83941619196524 70.04729713553616 69.41085886773298 69.06996538086459 68.47034864099408 
20.611242 13.503384491915304 1.7976931348623157E308 4309.442824142917 149.39932333625893 135.6163111191576 133.73991602808698 69.78207324416847 67.51076758146435 65.09042406202704 14.815542372924533 13.855204015986557 13.503384491915304 
21.448603 23.917632451854473 1.7976931348623157E308 869.7036726230018 90.1534505480956 26.877089054930234 26.13828578554733 25.665476404123037 25.242773282591696 24.924913856521393 24.704522927796454 24.28397796227849 23.917632451854473 
21.456312 10.43527949455842 1.7976931348623157E308 1486.2758127193554 135.51273142532835 85.20338183987444 27.25342208688471 15.709181075350356 14.39669259243622 13.482857804138293 12.690215218802228 11.868465853652094 10.43527949455842 
20.362513 8.263962490413938 1.7976931348623157E308 2058.955420706465 96.32217531066908 77.76110434115989 75.31378331795901 10.563349140164535 9.69104144376781 9.27450854881934 8.965919040094803 8.619254196122338 8.263962490413938 
