3.5962 2.6291826493718418E-9
3.467812 3.115141611331751E-8
3.694793 4.724443058989891E-11
3.594268 1.1774337060899143E-9
3.799041 2.6906532157866536E-7
3.619127 1.0077400691699268E-8
3.680153 4.09725885663903E-7
3.701917 1.7208056535267247E-7
3.610389 3.1491653729176505E-10
3.464649 2.9006504309592174E-8
3.406003 6.191993584536704E-10
3.639697 1.0689132112773336E-7
3.744041 2.336695281712764E-10
3.582795 2.313389035890623E-9
3.563924 4.212971749240069E-9
3.703248 5.825900872835632E-8
3.559289 1.065670407474073E-6
3.673767 2.06651592282725E-7
3.5477 1.429690588139465E-9
3.560512 5.7609317316575925E-9
