2.143908 4.742830235660023E-6 1.7976931348623157E308 6.606185247980456 5.490999411981516 2.9925761339241643 2.033638074140001 1.3488655562509426 0.043672841541937846 0.0032616566736938246 4.319545292195137E-4 7.36843929840525E-5 4.742830235660023E-6 
2.065859 5.604844632856043E-8 1.7976931348623157E308 4.000864386373397 1.8019950605312656 0.9903669524696537 0.04153794829601454 0.0024345790288440305 4.265212108696126E-4 4.7047260150367975E-5 5.528541273225329E-6 7.493778757527991E-7 5.604844632856043E-8 
2.067511 6.102106877570179E-7 1.7976931348623157E308 6.45414584221832 2.4020726971075246 1.0397634149512567 0.035431295279992 0.00460431676269879 8.272181282404922E-4 1.3513108564611187E-4 3.1183582958949074E-5 3.550979272848309E-6 6.102106877570179E-7 
2.1083 1.36382013682379E-7 1.7976931348623157E308 5.097818357663588 2.585871496695557 1.2974943803304098 0.06451801683801195 0.0069483735089304055 0.002042213858235886 1.5230466817017785E-4 2.006277229726905E-5 1.0929358933431388E-6 1.36382013682379E-7 
2.034019 8.257748307372026E-8 1.7976931348623157E308 4.712962728379775 1.1765751804982938 0.059521961063066176 0.010873420147739399 0.0011179096754934115 2.7676688482758394E-4 3.8198168834657764E-5 9.953351775227048E-6 7.667501233932228E-7 8.257748307372026E-8 
2.120015 1.3725437466582946E-6 1.7976931348623157E308 7.283609810675385 2.610662177451293 2.038592129023034 1.3850893926650412 0.0409748874194098 0.006555121912100947 3.043258983983499E-4 4.669977274263104E-5 6.882800299923275E-6 1.3725437466582946E-6 
2.117617 8.434623041342348E-6 1.7976931348623157E308 8.915556471645598 3.786448368605939 2.01765996145182 1.5101910960490632 0.7009431809988311 0.024842957623310458 0.0032974004426304937 6.86993447807982E-4 7.281963059613261E-5 8.434623041342348E-6 
2.074488 6.494841331416978E-8 1.7976931348623157E308 5.730264794854495 2.5648929019333484 0.7056989857310829 0.06526657447670248 0.004297769271243812 3.253600405774826E-4 4.812187764402509E-5 4.3212886109422755E-6 4.4841111490612207E-7 6.494841331416978E-8 
2.074442 1.1468494154343034E-8 1.7976931348623157E308 6.883260338226693 3.038489076835934 1.7381826159804956 0.6678631065308385 0.005237744176028958 4.82273179731596E-4 4.1804073675155706E-5 4.014640641702982E-6 2.928038651539566E-7 1.1468494154343034E-8 
2.078663 2.0247815557539184E-7 1.7976931348623157E308 5.7167472381149445 1.9813551052480673 1.2324219435522186 0.6731515060100972 0.02244769946140268 0.0012166101558475084 1.723622992035878E-4 1.5050353866730148E-5 1.5491361229358347E-6 2.0247815557539184E-7 
2.042109 5.5591723668868553E-8 1.7976931348623157E308 4.745406010072696 2.7355666045813583 0.7150752207795077 0.014098234975638224 0.0021143720340046634 1.7128352642759026E-4 2.206721089992314E-5 1.8821769036669878E-6 2.262254281681919E-7 5.5591723668868553E-8 
2.2556 6.652802797546542E-8 1.7976931348623157E308 4.5547116181856495 1.10116960164719 0.13284479054899778 0.01622683258667168 0.0013635768870483567 1.924655449845325E-4 1.959813214869044E-5 2.698060051375961E-6 1.0288128575730582E-6 6.652802797546542E-8 
2.237408 3.438118025833603E-7 1.7976931348623157E308 6.166969574904879 2.6939516487450246 2.0500626061541003 0.1115565106762415 0.01554814382990033 8.733851180307006E-4 1.0026784281835788E-4 1.1107396890697174E-5 1.4396037006925155E-6 3.438118025833603E-7 
2.171433 1.3597929937603226E-7 1.7976931348623157E308 4.4366655260025425 2.427633847981586 1.1909326470710266 0.11730398056715119 0.008355235901565283 7.064641342577893E-4 7.0159922714641E-5 1.1510405020676018E-5 1.047398580755754E-6 1.3597929937603226E-7 
2.116054 1.1515063125244751E-8 1.7976931348623157E308 4.864428870319198 2.0484890166195133 0.08392101540104635 0.010129287763814165 0.0018259175565984442 2.8050375735988453E-4 1.2699709718066998E-5 9.728963488164766E-7 7.966949810978008E-8 1.1515063125244751E-8 
2.166095 1.0170541431264724E-7 1.7976931348623157E308 6.712404966391045 2.320465856054039 1.511588786956239 1.162549236129529 0.05010711639834087 0.0038905478284125827 9.858845112877823E-4 4.1033202155649207E-5 2.134234972306359E-6 1.0170541431264724E-7 
2.211013 1.698224889601363E-7 1.7976931348623157E308 6.502713135222589 1.9898785273368103 1.172767071731173 0.0232380519721187 0.004545048222852177 2.6334267363425923E-4 3.135257069830644E-5 2.1990801148952244E-6 2.129838034825582E-7 1.698224889601363E-7 
2.15892 2.509898000546684E-7 1.7976931348623157E308 6.1454512188315675 2.1905431596829676 0.9832918290426673 0.0793962705324387 0.013331268158833343 0.0016847348089261693 2.7922413083603104E-4 2.3321593645153627E-5 3.6628766761914733E-6 2.509898000546684E-7 
2.131915 6.52691895641766E-7 1.7976931348623157E308 5.367109165520013 2.744842987935382 1.3628857483604162 0.9386772688121359 0.021339067932462985 0.003598802852057492 2.387191345225581E-4 4.1455793873712565E-5 7.686647734761465E-6 6.52691895641766E-7 
2.071317 1.0812120088132815E-9 1.7976931348623157E308 5.389182173772156 1.2430580113843424 0.0768925714912112 0.006168034369974595 4.3221127731785103E-4 5.582473683007905E-5 4.1426525574372874E-6 2.5632152444998724E-7 2.3591617992479996E-8 1.0812120088132815E-9 
