6.417287 17.274566710133794 1.7976931348623157E308 5976.741518872133 221.46455585895396 30.533991876935648 19.996768743185573 19.206059618630682 18.714517106988175 18.293866158647113 17.883771105890307 17.533180690709045 17.274566710133794 
6.371637 25.160596400037843 1.7976931348623157E308 4874.457527749825 149.00802580645538 86.29504306943005 82.96754350213428 81.85643179107178 77.10891860455298 28.066572490774064 26.518431754362577 25.817042308450525 25.160596400037843 
6.400355 11.006588761678023 1.7976931348623157E308 18192.15432820623 374.8020203484123 81.13932801548218 78.28832806500029 77.55877727330109 15.798690496084042 14.197712218070446 11.59336545101813 11.286097775583867 11.006588761678023 
6.481053 104.50221723489987 1.7976931348623157E308 3865.8915195291593 142.42506938690008 112.34183677613115 109.9920404240134 108.53488707800781 107.66199162957734 106.92070544393346 106.05448223648654 105.4109081110684 104.50221723489987 
6.512887 7.660025030359405 1.7976931348623157E308 13612.81154074421 184.2767925149971 90.58630706516372 11.602112652470915 10.092978891713232 9.771991650894755 8.804172284855717 8.41901277812517 8.168983878488755 7.660025030359405 
6.335949 1.5673159672569261 1.7976931348623157E308 6157.457546382774 84.1457957837851 69.41341092345186 69.0748657641359 60.584468335138105 7.84461634204559 3.6870426620306684 1.7714428995788962 1.6982536115462086 1.5673159672569261 
6.383646 19.02006630555097 1.7976931348623157E308 4248.812711406592 132.36171691202435 71.59183970209587 21.499447900654932 20.689727269577407 20.233981469227977 19.669711063293864 19.467927053678938 19.270808231117165 19.02006630555097 
6.328597 36.79639005636175 1.7976931348623157E308 11623.215366395663 188.11249660160883 120.4424971989398 112.7944226881761 107.75927848724307 46.72102858337011 43.00240148669864 42.290843388772814 39.32031482415415 36.79639005636175 
6.398617 73.72151745968445 1.7976931348623157E308 2064.7454883885703 340.01090189975366 117.61239691162228 77.34286489510714 75.52903172238138 75.084238838643 74.74435494153732 74.42163642510533 74.00415275929883 73.72151745968445 
6.356973 216.652162437571 1.7976931348623157E308 10389.127680841888 414.09532017483366 273.94065973294676 238.11494846316558 236.1588983301231 235.83116067342328 232.0936276924849 227.81602640599786 226.60737913479497 216.652162437571 
6.433275 23.366595074965872 1.7976931348623157E308 1954.4224869242569 312.3187079509731 210.15922289286522 27.56373460363295 26.321112716659584 25.698150548738155 24.918071548635336 24.20560013359428 23.76079652596251 23.366595074965872 
6.347996 77.77070185811395 1.7976931348623157E308 6124.83030278791 217.1595508690334 166.9854211244069 92.08891613397809 82.6454548074394 81.77845764418524 80.83933016268162 80.2765118375179 78.29658604586002 77.77070185811395 
6.388524 7.833239984266289 1.7976931348623157E308 9438.959024393513 1467.4471792017362 95.73128972953752 67.15026249668088 11.733828573870449 9.24975894362772 9.02735112703619 8.71519992299948 8.237314016709623 7.833239984266289 
6.364866 18.918366091960458 1.7976931348623157E308 20698.98325028594 975.5796240467589 88.68773758181311 24.312543497348283 20.36965976394325 20.075298495306953 19.75376634803457 19.37752941747662 19.06828832445317 18.918366091960458 
6.358062 83.72104323260244 1.7976931348623157E308 604.9701096360354 97.12374132768389 89.7610381908141 89.433291338766 88.67726522273551 88.15638365446937 87.5318322323425 84.37722445372894 83.94963342019113 83.72104323260244 
6.314367 1.8048548476734696 1.7976931348623157E308 5605.940688867405 556.4547964789891 201.72579741385033 93.53218188149211 19.00323644497231 4.783363621047362 2.7446378426332343 2.4817909796794586 2.1460237588328432 1.8048548476734696 
6.310093 194.81331957090308 1.7976931348623157E308 2066.6203843339354 260.26369861693047 216.1789121364971 213.73742356486625 212.78049239240855 210.88885196790028 202.76652368888824 200.76401619163616 197.34914871155905 194.81331957090308 
6.42072 114.41750847848317 1.7976931348623157E308 4116.379470357692 223.67938237119384 179.54320114969516 140.56324857227835 124.38324678362218 119.24233739657623 117.23594418985826 116.41511119607588 115.17866962935969 114.41750847848317 
6.343022 159.693955654116 1.7976931348623157E308 9297.109308110006 281.0105242909679 200.5523046241995 166.86045334235976 161.79045364003073 161.23262048612895 160.88702765116008 160.44395621719133 159.88413740376515 159.693955654116 
6.358039 77.98397354132365 1.7976931348623157E308 34729.729134691464 539.1749527813391 481.0396159270571 393.344052081809 81.63151971213813 80.14804950907453 79.48441893690551 79.08132740223766 78.4738954487806 77.98397354132365 
