2.909297 43.77807723979737 1.7976931348623157E308 79.90866049927702 49.8780075615268 46.33542539312448 43.78853971096864 43.77810930557253 43.778078150168135 43.77807723989217 43.77807723979749 43.77807723979737 43.77807723979737 
3.020772 31.838639403465805 1.7976931348623157E308 102.86592711248437 70.54442347812575 63.017937303045805 50.95544970061514 49.8936119207536 31.88168335259454 31.838901029840258 31.83863999881351 31.83863941509501 31.838639403465805 
2.832571 11.940553360241113 1.7976931348623157E308 79.16911361335274 61.156105300024834 48.923403505325744 39.80883299277669 26.885849662408727 19.03825886256461 17.231701761862062 16.915247339312437 12.935711014033613 11.940553360241113 
3.78803 31.838664637889927 1.7976931348623157E308 52.20747897998616 41.0798931703262 32.91368963829486 32.83372661669928 32.83362389242971 31.838713446517897 31.838664694638194 31.838664637949144 31.838664637890254 31.838664637889927 
3.197351 37.80832962402825 1.7976931348623157E308 114.71912295514323 83.57152691643252 76.65059910935271 74.56635435032902 63.703438503432565 49.89372052282354 42.81952944421418 38.10517826129876 37.80915634581022 37.80832962402825 
3.819151 32.8336186572144 1.7976931348623157E308 71.23820190789095 44.093731115147165 37.96769094663116 35.94853175974866 33.851310971606665 32.837217997848406 32.83364802647918 32.83361960308767 32.83361866350219 32.8336186572144 
2.955931 6.96774392234718 1.7976931348623157E308 96.31480772045197 73.36597304268207 38.15684329630714 35.983580061028334 31.43266289666098 30.845767016085837 25.891957764308597 20.123226561829988 19.89931725780787 6.96774392234718 
2.868486 34.82351657483691 1.7976931348623157E308 99.71427968366946 71.1588534593555 50.87500635864499 48.13294161819241 47.75815973023659 34.90202722739767 34.82382203143574 34.82351891328168 34.82351658241372 34.82351657483691 
2.824886 27.858813250621388 1.7976931348623157E308 101.19687890190366 37.575825646651374 31.963651072005064 27.96727928935487 27.859539080934415 27.858817604910023 27.858813261741894 27.858813250655793 27.85881325062142 27.858813250621388 
3.300307 16.916168887228135 1.7976931348623157E308 76.9275457675592 54.267283640154695 45.8663848266216 35.292520858299596 32.92601991093986 30.86648205367837 26.893537771912378 23.251628309390856 18.040942357723743 16.916168887228135 
2.88198 26.863869352945034 1.7976931348623157E308 84.74880111336603 56.435947172679626 49.00322412095174 41.23995649014215 35.08299210952803 27.004729594398682 26.865003081342614 26.86388465138168 26.863869421653916 26.863869352945034 
2.790991 13.943755232736164 1.7976931348623157E308 100.68942808399635 68.71987078448437 55.43381870147676 38.65259548108469 35.90917916655552 31.84460346328415 23.893097107648742 18.952170365989844 17.920522786313374 13.943755232736164 
2.756539 11.939508685120249 1.7976931348623157E308 52.383302194270335 32.65218767337772 30.9482356001526 18.185779810554415 13.082348916294658 11.944041887327879 11.93954370921329 11.939508822138597 11.939508685361195 11.939508685120249 
2.95542 32.83360349826947 1.7976931348623157E308 112.39793156039178 59.19658753070865 39.648672016398805 38.80459115727084 33.83862629684823 32.851575329261124 32.833617266605515 32.83360350736079 32.83360349828867 32.83360349826947 
3.991521 42.783123220523144 1.7976931348623157E308 79.56593049142612 50.11705884653827 43.884426196797165 42.78523778155304 42.78314666100161 42.783123281288525 42.783123221069445 42.78312322052792 42.78312322052322 42.783123220523144 
4.044007 29.848731364807975 1.7976931348623157E308 48.72868318352437 45.82466069846899 37.87826097678744 30.02605004381721 29.848955410595753 29.8487321011633 29.84873136641163 29.848731364811393 29.848731364807982 29.848731364807975 
4.9772 28.853769937868904 1.7976931348623157E308 85.844630269266 75.2759743411716 61.87568433903608 60.72657602793491 51.800240022752384 40.905276968875114 33.9716588469156 29.87946852943278 28.858302783640383 28.853769937868904 
3.055988 10.94454459601536 1.7976931348623157E308 97.54059061072559 80.28592592027371 47.12652581267091 34.4748116162434 25.45247392970687 19.930069231073094 10.989127599649887 10.94477007931136 10.944546909809516 10.94454459601536 
2.824972 53.7276325005586 1.7976931348623157E308 101.78567296574602 69.83256782096994 53.74117262192097 53.72763526109672 53.727632513338904 53.72763250058445 53.72763250055994 53.72763250055863 53.7276325005586 53.7276325005586 
3.09568 24.890717759846858 1.7976931348623157E308 98.67967600059858 73.42242222836735 71.67435535025217 51.840367562555855 47.84207753872295 43.79220203238713 34.82521123713109 30.851825406505473 25.98657559489463 24.890717759846858 
