5.024553 20.89412508573043
5.014961 30.84370558079663
4.96611 44.77309203211194
5.143143 17.909252952041108
5.32342 38.80335280300943
4.755101 37.80838870809706
4.933519 27.858813250621385
5.190466 28.853792504429123
5.383546 51.737739620905536
5.070077 19.899171066227666
6.240742 23.878997218962674
5.348805 30.843690421901243
5.105469 31.838644441175468
4.812523 31.838578636907812
4.9097 26.86385419352809
5.399578 35.81849582844404
5.316644 40.79326587937693
5.136676 38.803367961904804
6.635337 62.682279370300066
5.449653 23.878997218962674
