6.791555 4.164870803791132E-8
7.13781 1.1158346469031244E-7
6.710687 6.018304521404616E-9
6.745407 3.219291544453995E-8
6.873246 8.408911345014758E-9
6.702501 3.751204236124295E-9
6.760235 1.3786916941427307E-8
6.707287 6.702862709317969E-9
6.894059 1.418779094208844E-8
6.68347 7.718867767181337E-9
6.678898 3.27156368662429E-8
6.710443 8.190081945969041E-9
6.691224 3.421515959445287E-9
6.869318 2.8423678077871273E-8
6.79166 6.75961020490945E-9
6.716608 5.82233683488198E-9
6.839753 1.1796494892024612E-8
6.803675 1.2665573922987505E-8
6.797826 8.397418316263838E-9
6.830488 5.3985904635567294E-9
