4.138873 9.522738153577848E-11
3.788802 1.4678436244253135E-10
3.466841 1.5210055437364645E-12
3.718746 2.4162893907941907E-12
3.732525 9.055114436051781E-9
3.76676 2.349231920106831E-13
3.405959 3.013145288832675E-12
3.526146 1.471076593873022E-10
3.692125 1.9760637570698236E-11
3.532537 2.4173353541101505E-8
3.666577 1.3681944466270579E-11
3.877028 1.716005115781627E-11
3.782953 1.5618302207087709E-9
3.426175 1.3042056323797624E-10
3.620719 4.560343913739828E-5
3.502697 3.871791776077771E-11
3.452629 8.272803331266232E-9
3.424159 2.3239188351453777E-12
3.419498 1.318500864044836E-12
3.443353 1.4357404154452524E-12
