1132 891 78.71024734982332 46 5.59959

996 794 79.71887550200803 740 4.875137

92 86 93.47826086956522 34 0.792348

840 640 76.19047619047619 1 4.43049

400 310 77.5 1 2.372425

1000 947 94.69999999999999 954 11.732473

1000 949 94.89999999999999 755 11.327426

1000 945 94.5 592 10.960395

900 892 99.11111111111111 454 11.071628

900 892 99.11111111111111 398 10.610781

900 888 98.66666666666667 449 8.788193

900 897 99.66666666666667 223 6.285477

900 898 99.77777777777777 169 6.369664

900 899 99.8888888888889 82 6.299394

1260 1077 85.47619047619047 584 9.243179

1260 1064 84.44444444444444 794 6.282209

1260 1077 85.47619047619047 717 9.420309

1258 1062 84.41971383147853 992 12.869829

1258 1061 84.34022257551669 501 8.946887

1200 1028 85.66666666666667 314 13.060584

1200 1034 86.16666666666667 352 10.942787

1300 1110 85.38461538461539 654 12.262804

1300 1103 84.84615384615385 912 10.309218

1200 1044 87.0 940 10.198653

1200 1029 85.75 426 10.200531

800 763 95.375 702 5.322662

800 763 95.375 56 5.218937

800 761 95.125 221 5.207957

800 764 95.5 457 5.348305

900 846 94.0 87 6.049425

900 852 94.66666666666667 380 6.278885

800 763 95.375 125 5.632797

800 769 96.125 369 5.764441

800 760 95.0 62 6.19655

800 767 95.875 396 5.579591

900 855 95.0 499 6.376578

900 860 95.55555555555556 981 6.183135

900 861 95.66666666666667 71 6.383079

900 861 95.66666666666667 474 6.773711

600 582 97.0 988 4.613711

600 581 96.83333333333334 108 4.475802

600 581 96.83333333333334 441 4.637664

700 681 97.28571428571429 581 5.138602

700 677 96.71428571428572 590 4.859967

700 676 96.57142857142857 198 5.074171

162 141 87.03703703703704 10 0.93833

384 344 89.58333333333334 573 2.247595

2058 1683 81.77842565597668 733 14.711408

