1132 874 77.20848056537103 588 17.376134303

996 773 77.61044176706827 299 15.612779566

92 79 85.86956521739131 358 1.987067878

840 640 76.19047619047619 1 13.86315941

400 310 77.5 1 7.007283574

1000 899 89.9 350 24.129233787

1000 900 90.0 60 24.850679053

1000 914 91.4 1000 25.020612547

900 859 95.44444444444444 85 20.346411162

900 865 96.11111111111111 583 20.992567087

900 861 95.66666666666667 528 20.268899262

900 886 98.44444444444444 498 20.598263528

900 888 98.66666666666667 34 20.304333934

900 886 98.44444444444444 3 20.755582878

1260 992 78.73015873015873 891 21.550974561

1260 997 79.12698412698413 368 21.381451112

1260 978 77.61904761904762 491 22.492808567

1258 978 77.74244833068363 820 22.027246407

1258 976 77.58346581875993 232 21.308425813

1200 967 80.58333333333333 63 23.858094045

1200 979 81.58333333333333 960 24.402811336

1300 1037 79.76923076923077 322 25.746199984

1300 1038 79.84615384615384 439 26.097789621

1200 957 79.75 884 24.189074724

1200 957 79.75 324 25.03723623

800 734 91.75 342 16.415391631

800 729 91.125 920 17.222970256

800 732 91.5 338 16.847412331

800 737 92.125 679 17.264741401

900 816 90.66666666666666 850 19.098626314

900 830 92.22222222222223 841 19.299024258

800 738 92.25 618 16.812092201

800 733 91.625 450 17.12002173

800 724 90.5 285 16.889178747

800 733 91.625 943 16.70556834

900 828 92.0 265 19.140669244

900 820 91.11111111111111 72 19.419064096

900 836 92.88888888888889 317 18.910059624

900 834 92.66666666666666 942 18.696070966

600 556 92.66666666666666 182 13.928298524

600 553 92.16666666666666 703 13.828741894

600 557 92.83333333333333 631 12.911412207

700 642 91.71428571428571 334 15.275284936

700 645 92.14285714285714 870 15.617320753

700 643 91.85714285714286 182 14.915632227

162 139 85.80246913580247 100 2.873872302

384 306 79.6875 286 7.813150601

2058 1589 77.21088435374149 914 43.772671285

