1132 894 78.97526501766784 66 18.200086805

996 792 79.51807228915662 47 15.6587493

92 84 91.30434782608695 721 1.883026941

840 640 76.19047619047619 1 13.35490649

400 310 77.5 1 6.91805993

1000 947 94.69999999999999 731 23.788288445

1000 944 94.39999999999999 820 24.017939309

1000 942 94.19999999999999 791 24.526385505

900 886 98.44444444444444 580 19.605315409

900 884 98.22222222222223 347 19.947279545

900 891 99.0 739 19.713973764

900 898 99.77777777777777 977 19.120698041

900 899 99.8888888888889 156 19.875514729

900 899 99.8888888888889 977 19.623672664

1260 1064 84.44444444444444 878 21.271036842

1260 1069 84.84126984126983 646 21.823209059

1260 1069 84.84126984126983 653 21.198656998

1258 1059 84.18124006359301 870 21.247279991

1258 1065 84.65818759936407 598 21.797703326

1200 1021 85.08333333333333 157 23.712197527

1200 1029 85.75 154 23.511871981

1300 1112 85.53846153846155 539 25.771867238

1300 1103 84.84615384615385 357 25.483064481

1200 1037 86.41666666666666 449 23.626817464

1200 1027 85.58333333333333 865 24.049052971

800 765 95.625 366 16.783863041

800 763 95.375 370 16.8830437

800 760 95.0 831 16.139244852

800 762 95.25 625 16.413079251

900 849 94.33333333333334 155 18.515828086

900 850 94.44444444444444 93 18.344972741

800 766 95.75 354 16.567766665

800 768 96.0 263 16.37447209

800 764 95.5 117 16.566678728

800 764 95.5 180 16.729234191

900 857 95.22222222222221 367 18.694070585

900 860 95.55555555555556 78 18.345781158

900 858 95.33333333333334 147 18.399246395

900 863 95.88888888888889 153 18.058806292

600 583 97.16666666666667 60 13.292866081

600 581 96.83333333333334 351 13.765266115

600 581 96.83333333333334 209 13.000858207

700 679 97.0 509 14.55176109

700 678 96.85714285714285 862 14.610547792

700 675 96.42857142857143 586 13.939282439

162 145 89.50617283950618 17 2.81726112

384 344 89.58333333333334 353 7.248171199

2058 1694 82.31292517006803 686 40.290915312

