1132 869 76.76678445229682 569 17.104592

996 769 77.20883534136547 17 15.499960766

92 77 83.69565217391305 28 1.79604865

840 640 76.19047619047619 1 13.008627354

400 310 77.5 2 6.89288133

1000 894 89.4 371 23.729073357

1000 895 89.5 56 23.463425366

1000 896 89.60000000000001 54 23.768894481

900 864 96.0 17 20.20316004

900 862 95.77777777777777 923 19.706683344

900 859 95.44444444444444 436 20.576593305

900 888 98.66666666666667 642 20.210961303

900 885 98.33333333333333 328 19.784028577

900 884 98.22222222222223 364 19.81929509

1260 978 77.61904761904762 281 21.309183452

1260 977 77.53968253968254 137 21.380647664

1260 981 77.85714285714286 998 21.061083999

1258 975 77.50397456279809 494 21.473281587

1258 970 77.10651828298887 183 21.568663826

1200 941 78.41666666666667 570 23.937354818

1200 932 77.66666666666666 581 23.878970534

1300 1022 78.61538461538461 934 26.476837646

1300 1021 78.53846153846153 629 26.112998003

1200 955 79.58333333333333 742 24.561996542

1200 945 78.75 489 23.992003979

800 721 90.125 777 16.578837896

800 722 90.25 993 17.473843776

800 722 90.25 165 16.981752208

800 720 90.0 531 16.621778786

900 824 91.55555555555556 452 19.174656765

900 810 90.0 981 18.923468456

800 729 91.125 439 17.214572292

800 719 89.875 401 16.621002412

800 719 89.875 819 17.979953406

800 733 91.625 28 17.858291315

900 817 90.77777777777779 395 18.880753717

900 812 90.22222222222223 248 18.977416194

900 809 89.88888888888889 621 18.850846776

900 814 90.44444444444444 571 18.637016665

600 543 90.5 146 14.342305435

600 545 90.83333333333333 448 13.864316795

600 549 91.5 64 12.860733715

700 636 90.85714285714286 971 15.253133668

700 639 91.28571428571428 533 15.784518832

700 636 90.85714285714286 344 14.851966061

162 133 82.09876543209876 70 2.874931058

384 301 78.38541666666666 291 7.429236147

2058 1587 77.1137026239067 567 41.126813514

