1132 888 78.4452296819788 360 18.209469266

996 789 79.21686746987952 581 15.144056224

92 86 93.47826086956522 683 2.000453359

840 640 76.19047619047619 1 13.13721415

400 310 77.5 1 6.796029229

1000 899 89.9 294 24.233889792

1000 910 91.0 681 25.805883205

1000 902 90.2 433 25.636062465

900 865 96.11111111111111 296 20.406982618

900 862 95.77777777777777 48 20.368514022

900 866 96.22222222222221 363 20.788105677

900 890 98.88888888888889 309 19.756657304

900 887 98.55555555555556 857 19.915830059

900 888 98.66666666666667 435 19.860408747

1260 996 79.04761904761905 729 21.399509815

1260 1011 80.23809523809524 907 21.981557117

1260 1000 79.36507936507937 81 21.873272739

1258 991 78.7758346581876 826 22.737491527

1258 1003 79.72972972972973 805 21.608085549

1200 988 82.33333333333334 363 23.689933779

1200 996 83.0 627 24.177748265

1300 1060 81.53846153846153 673 25.520461896

1300 1061 81.61538461538461 732 26.180109736

1200 986 82.16666666666667 431 24.233261893

1200 979 81.58333333333333 243 24.51322765

800 749 93.625 820 16.958895593

800 751 93.875 820 17.412440226

800 747 93.375 309 16.662122714

800 744 93.0 138 16.811575999

900 836 92.88888888888889 689 18.982173048

900 839 93.22222222222221 182 18.792432702

800 745 93.125 311 16.949894135

800 750 93.75 881 17.145534538

800 744 93.0 157 17.162486182

800 744 93.0 266 16.676230507

900 833 92.55555555555556 650 18.972652341

900 828 92.0 144 19.950651985

900 836 92.88888888888889 732 18.465900255

900 844 93.77777777777779 350 18.474054798

600 565 94.16666666666667 397 13.541594981

600 558 93.0 977 13.752510333

600 562 93.66666666666667 866 13.194122008

700 661 94.42857142857143 567 14.885157051

700 657 93.85714285714286 929 15.165390153

700 652 93.14285714285714 345 14.914257557

162 145 89.50617283950618 148 2.968259908

384 330 85.9375 281 7.764000874

2058 1595 77.50242954324587 497 43.810567621

