1132 881 77.8268551236749 398 17.856077555

996 778 78.1124497991968 127 15.448536165

92 82 89.13043478260869 503 2.127131355

840 640 76.19047619047619 1 13.917210302

400 310 77.5 1 6.84355781

1000 897 89.7 334 25.693134466

1000 898 89.8 879 24.780353512

1000 897 89.7 224 25.008070799

900 862 95.77777777777777 784 20.534563312

900 867 96.33333333333334 994 20.364286437

900 863 95.88888888888889 411 20.211325013

900 888 98.66666666666667 83 19.87321614

900 889 98.77777777777777 82 19.904786452

900 886 98.44444444444444 646 19.783352608

1260 993 78.80952380952381 374 22.912795191

1260 993 78.80952380952381 633 21.507789857

1260 988 78.41269841269842 812 22.726908406

1258 990 78.69634340222575 332 21.539621455

1258 982 78.060413354531 872 21.905701925

1200 966 80.5 861 24.008376457

1200 991 82.58333333333333 125 23.640561223

1300 1059 81.46153846153847 266 26.361267204

1300 1060 81.53846153846153 757 26.283780296

1200 981 81.75 749 24.144839326

1200 967 80.58333333333333 557 25.584462913

800 735 91.875 387 16.42614331

800 745 93.125 853 16.919661664

800 739 92.375 600 16.549726028

800 738 92.25 744 17.205583038

900 827 91.88888888888889 316 18.638766889

900 833 92.55555555555556 172 18.852844731

800 740 92.5 294 17.077778679

800 740 92.5 787 16.623680859

800 737 92.125 405 17.031006905

800 735 91.875 770 16.794445233

900 826 91.77777777777779 324 19.098690966

900 830 92.22222222222223 355 19.179261671

900 830 92.22222222222223 482 18.927625336

900 837 93.0 884 19.03907075

600 561 93.5 130 14.044495785

600 559 93.16666666666666 486 13.660169759

600 555 92.5 835 13.523569177

700 646 92.28571428571428 156 15.435816298

700 651 93.0 812 14.972098519

700 653 93.28571428571428 711 14.719763445

162 143 88.27160493827161 296 2.901224025

384 320 83.33333333333334 212 7.605060534

2058 1603 77.89115646258503 690 40.916761166

