1132 877 77.47349823321554 447 17.914327888

996 770 77.30923694779116 538 15.303027252

92 76 82.6086956521739 169 1.857018207

840 640 76.19047619047619 1 13.238647255

400 310 77.5 1 7.002676647

1000 895 89.5 397 23.625857588

1000 897 89.7 668 23.678547526

1000 894 89.4 688 23.862578511

900 862 95.77777777777777 125 19.895631261

900 862 95.77777777777777 28 20.314764023

900 860 95.55555555555556 485 20.568300117

900 885 98.33333333333333 422 20.187235981

900 888 98.66666666666667 278 19.958104266

900 885 98.33333333333333 298 19.656125596

1260 976 77.46031746031747 231 20.863505264

1260 983 78.01587301587301 186 21.397676232

1260 982 77.93650793650794 32 21.373386699

1258 977 77.66295707472179 457 21.195043936

1258 987 78.45786963434023 377 21.193237215

1200 940 78.33333333333333 317 23.571458989

1200 958 79.83333333333333 805 23.258624993

1300 1016 78.15384615384615 91 25.574828451

1300 1029 79.15384615384615 27 25.619214465

1200 946 78.83333333333333 168 24.37492006

1200 951 79.25 861 23.800287212

800 727 90.875 262 16.423160385

800 723 90.375 952 16.803696401

800 731 91.375 841 16.765064329

800 735 91.875 171 16.743369519

900 813 90.33333333333333 556 18.50639372

900 824 91.55555555555556 984 19.835017461

800 736 92.0 743 17.160354198

800 731 91.375 759 17.245473078

800 725 90.625 583 17.302770832

800 733 91.625 353 16.703868138

900 813 90.33333333333333 186 19.826851452

900 823 91.44444444444444 481 18.968315217

900 819 91.0 302 18.783545221

900 818 90.88888888888889 355 19.15134946

600 550 91.66666666666666 574 14.131896089

600 547 91.16666666666666 462 13.876056112

600 552 92.0 898 13.007003939

700 635 90.71428571428571 304 15.051470787

700 641 91.57142857142857 933 15.097804456

700 635 90.71428571428571 667 14.616559496

162 133 82.09876543209876 35 2.899757388

384 314 81.77083333333334 196 7.237164119

2058 1597 77.59961127308065 681 42.183525292

