1132 879 77.65017667844522 273 17.350236086

996 770 77.30923694779116 546 15.848583886

92 80 86.95652173913044 169 1.979270998

840 640 76.19047619047619 1 12.948680432

400 310 77.5 1 6.733076769

1000 899 89.9 744 24.901518598

1000 901 90.10000000000001 425 25.077190144

1000 908 90.8 19 24.79603428

900 864 96.0 321 20.330055759

900 865 96.11111111111111 589 20.472623281

900 861 95.66666666666667 332 20.812312042

900 887 98.55555555555556 820 19.796138567

900 887 98.55555555555556 398 20.226378904

900 887 98.55555555555556 175 20.118914938

1260 982 77.93650793650794 9 22.490195138

1260 975 77.38095238095238 585 22.110191765

1260 982 77.93650793650794 200 21.790453675

1258 972 77.26550079491255 387 21.376709859

1258 983 78.13990461049285 242 22.441563836

1200 975 81.25 982 24.834058066

1200 981 81.75 618 24.648648545

1300 1044 80.3076923076923 66 26.078878903

1300 1028 79.07692307692308 620 26.827147115

1200 968 80.66666666666666 225 24.481859556

1200 961 80.08333333333333 813 24.672510331

800 737 92.125 108 16.978108336

800 738 92.25 526 16.862715918

800 731 91.375 566 17.493546173

800 744 93.0 449 17.368698545

900 825 91.66666666666666 902 18.923464924

900 822 91.33333333333333 601 18.885745001

800 740 92.5 930 17.195762742

800 732 91.5 336 16.675122226

800 732 91.5 426 17.004117247

800 741 92.625 384 16.639174149

900 828 92.0 298 19.168449947

900 825 91.66666666666666 767 19.198194804

900 825 91.66666666666666 168 18.831784035

900 827 91.88888888888889 80 19.293407645

600 559 93.16666666666666 267 13.937789286

600 555 92.5 146 13.802656468

600 554 92.33333333333333 804 12.929019111

700 650 92.85714285714286 911 15.252357274

700 645 92.14285714285714 724 15.050230059

700 647 92.42857142857143 124 15.508920642

162 141 87.03703703703704 216 2.889906625

384 314 81.77083333333334 215 7.761348541

2058 1587 77.1137026239067 528 41.318487271

