1132 866 76.5017667844523 507 17.708681856

996 765 76.80722891566265 180 15.677114309

92 80 86.95652173913044 853 1.95141845

840 640 76.19047619047619 1 13.2836197

400 310 77.5 1 6.77048472

1000 899 89.9 652 23.8689831

1000 897 89.7 564 25.557139284

1000 894 89.4 84 26.825061929

900 862 95.77777777777777 577 21.283646097

900 861 95.66666666666667 776 20.337167599

900 859 95.44444444444444 445 20.471138419

900 886 98.44444444444444 346 20.504784039

900 888 98.66666666666667 888 20.788516006

900 885 98.33333333333333 149 19.756557043

1260 984 78.0952380952381 973 21.633514073

1260 989 78.4920634920635 238 22.110114187

1260 977 77.53968253968254 835 21.463356414

1258 976 77.58346581875993 444 21.680214717

1258 979 77.82193958664547 391 21.161792737

1200 964 80.33333333333333 319 23.604549488

1200 974 81.16666666666667 578 23.57969172

1300 1038 79.84615384615384 868 26.234998771

1300 1027 79.0 653 25.942038832

1200 957 79.75 484 24.39418578

1200 955 79.58333333333333 650 24.139387406

800 732 91.5 938 17.011966703

800 730 91.25 463 16.838221553

800 733 91.625 795 17.361458706

800 743 92.875 155 17.670660604

900 820 91.11111111111111 738 19.1668672

900 827 91.88888888888889 932 19.956000482

800 737 92.125 160 17.228903626

800 731 91.375 374 16.735921914

800 732 91.5 653 16.63263958

800 737 92.125 482 16.547630122

900 820 91.11111111111111 376 19.088878008

900 816 90.66666666666666 145 19.309647671

900 818 90.88888888888889 293 19.530815559

900 833 92.55555555555556 48 19.138534138

600 552 92.0 342 13.683457544

600 547 91.16666666666666 116 13.559417702

600 553 92.16666666666666 543 13.806658263

700 645 92.14285714285714 281 16.02556233

700 647 92.42857142857143 820 15.383219775

700 639 91.28571428571428 552 14.899374086

162 139 85.80246913580247 428 2.883359224

384 308 80.20833333333334 780 7.498007832

2058 1599 77.69679300291546 473 40.854485035

