1132 878 77.56183745583039 361 17.419528556

996 783 78.6144578313253 357 15.587025882

92 81 88.04347826086956 417 1.986240492

840 640 76.19047619047619 1 13.986739944

400 310 77.5 2 6.714648089

1000 901 90.10000000000001 675 25.028393468

1000 898 89.8 400 24.877848969

1000 897 89.7 442 24.510356319

900 861 95.66666666666667 76 20.255800907

900 868 96.44444444444444 669 20.993230614

900 860 95.55555555555556 652 20.714185791

900 886 98.44444444444444 247 19.874617024

900 888 98.66666666666667 113 19.915526365

900 886 98.44444444444444 355 20.053571748

1260 983 78.01587301587301 578 21.860512253

1260 981 77.85714285714286 82 21.682626498

1260 982 77.93650793650794 56 22.698442622

1258 994 79.01430842607313 725 22.657787443

1258 986 78.37837837837837 386 22.246198065

1200 958 79.83333333333333 470 23.677457917

1200 973 81.08333333333333 451 24.479172873

1300 1048 80.61538461538461 714 25.894672052

1300 1036 79.6923076923077 42 26.175546937

1200 974 81.16666666666667 790 24.677003332

1200 975 81.25 388 24.062099162

800 735 91.875 169 16.597869682

800 738 92.25 544 16.992921437

800 744 93.0 287 16.861579026

800 738 92.25 306 16.719928517

900 829 92.11111111111111 920 18.708834662

900 830 92.22222222222223 479 18.982977527

800 736 92.0 542 16.890279191

800 736 92.0 210 17.471127868

800 742 92.75 233 17.190828282

800 741 92.625 71 17.232830872

900 828 92.0 832 19.025014367

900 827 91.88888888888889 410 19.25210455

900 828 92.0 853 18.771317913

900 831 92.33333333333333 540 18.592984976

600 556 92.66666666666666 570 13.88206918

600 555 92.5 747 13.719227808

600 553 92.16666666666666 34 13.379105014

700 644 92.0 347 14.932689249

700 648 92.57142857142857 150 14.917069974

700 646 92.28571428571428 725 14.731024193

162 143 88.27160493827161 36 3.292029837

384 314 81.77083333333334 179 7.2321063

2058 1600 77.74538386783286 211 40.839427918

