1132 875 77.29681978798587 874 17.330838003

996 769 77.20883534136547 851 16.353930843

92 77 83.69565217391305 742 1.875697683

840 640 76.19047619047619 1 13.369304774

400 310 77.5 1 6.7063188

1000 892 89.2 441 24.186029638

1000 893 89.3 38 25.487818315

1000 894 89.4 879 25.91001268

900 857 95.22222222222221 181 21.747603135

900 857 95.22222222222221 8 20.160053054

900 858 95.33333333333334 982 20.088216568

900 885 98.33333333333333 266 19.952770101

900 883 98.11111111111111 352 20.015378083

900 883 98.11111111111111 168 19.797712104

1260 977 77.53968253968254 62 21.572749659

1260 978 77.61904761904762 199 21.141276188

1260 978 77.61904761904762 166 20.855777963

1258 971 77.18600953895071 521 21.704236468

1258 977 77.66295707472179 808 21.282947363

1200 954 79.5 536 23.846020021

1200 953 79.41666666666667 51 23.652561344

1300 1021 78.53846153846153 957 26.558797598

1300 1013 77.92307692307693 730 26.656327845

1200 946 78.83333333333333 287 24.0478182

1200 952 79.33333333333333 138 25.240901776

800 728 91.0 425 17.141064675

800 728 91.0 49 17.549064144

800 726 90.75 344 17.276448745

800 729 91.125 464 17.191872877

900 814 90.44444444444444 457 18.863297963

900 812 90.22222222222223 530 18.9429374

800 727 90.875 801 16.945538645

800 727 90.875 989 16.701244603

800 726 90.75 635 17.126083163

800 730 91.25 959 17.234236833

900 811 90.11111111111111 178 19.744714941

900 811 90.11111111111111 287 19.509110248

900 820 91.11111111111111 929 19.303180967

900 815 90.55555555555556 863 19.81537967

600 545 90.83333333333333 121 14.270209281

600 556 92.66666666666666 640 13.866908288

600 552 92.0 184 13.660170778

700 637 91.0 794 15.885683315

700 637 91.0 502 15.511364164

700 633 90.42857142857143 29 14.772212353

162 131 80.8641975308642 585 3.03731922

384 304 79.16666666666666 548 7.53094928

2058 1606 78.03692905733722 368 42.257416005

