1132 875 77.29681978798587 726 17.974098741

996 777 78.01204819277109 567 15.570305618

92 79 85.86956521739131 140 2.059150982

840 640 76.19047619047619 1 13.243881907

400 310 77.5 1 6.659128055

1000 895 89.5 563 23.594902909

1000 906 90.60000000000001 505 23.680430734

1000 903 90.3 678 23.661456052

900 864 96.0 336 20.047693132

900 861 95.66666666666667 684 20.013519053

900 857 95.22222222222221 570 20.077466277

900 889 98.77777777777777 713 19.82445063

900 887 98.55555555555556 228 19.872002328

900 886 98.44444444444444 261 20.07996298

1260 987 78.33333333333333 255 21.729739269

1260 994 78.88888888888889 334 21.466195114

1260 984 78.0952380952381 92 21.011004852

1258 980 77.90143084260731 387 22.75020056

1258 980 77.90143084260731 988 21.416963164

1200 964 80.33333333333333 832 23.600966769

1200 973 81.08333333333333 363 23.393782443

1300 1036 79.6923076923077 734 25.926097365

1300 1031 79.3076923076923 273 26.365518017

1200 973 81.08333333333333 255 23.877047823

1200 974 81.16666666666667 320 24.296170726

800 733 91.625 905 16.331185806

800 733 91.625 800 17.007814542

800 729 91.125 939 16.559865799

800 733 91.625 916 16.479452097

900 815 90.55555555555556 12 19.368278523

900 821 91.22222222222223 170 18.690065851

800 733 91.625 684 16.708465902

800 733 91.625 839 16.887678018

800 730 91.25 980 16.908083515

800 731 91.375 89 16.379706998

900 823 91.44444444444444 709 19.02878004

900 826 91.77777777777779 444 18.863876878

900 828 92.0 101 18.850380729

900 833 92.55555555555556 160 19.888850099

600 555 92.5 214 14.010783632

600 552 92.0 119 13.664738444

600 554 92.33333333333333 122 13.024662973

700 647 92.42857142857143 259 14.829979016

700 645 92.14285714285714 417 14.815636873

700 647 92.42857142857143 44 14.452606026

162 139 85.80246913580247 446 2.953549246

384 306 79.6875 413 7.358912887

2058 1589 77.21088435374149 805 39.341313136

