1132 870 76.85512367491167 657 17.793251171

996 766 76.90763052208835 314 15.242791226

92 78 84.78260869565217 427 1.936996297

840 640 76.19047619047619 1 13.707829712

400 309 77.25 1 6.790896054

1000 895 89.5 587 24.25785639

1000 900 90.0 544 24.332178325

1000 899 89.9 962 25.593218215

900 857 95.22222222222221 883 21.093680617

900 859 95.44444444444444 88 20.228576652

900 859 95.44444444444444 993 20.424321107

900 885 98.33333333333333 53 19.775801309

900 887 98.55555555555556 101 20.120080971

900 885 98.33333333333333 758 20.473997533

1260 985 78.17460317460318 571 22.276012184

1260 977 77.53968253968254 261 21.525855045

1260 973 77.22222222222223 495 21.36782907

1258 972 77.26550079491255 278 21.832219098

1258 976 77.58346581875993 231 21.328336474

1200 941 78.41666666666667 698 24.04116772

1200 961 80.08333333333333 387 23.600575748

1300 1030 79.23076923076923 905 26.16695043

1300 1024 78.76923076923077 938 25.654205853

1200 950 79.16666666666666 952 24.653600067

1200 943 78.58333333333334 721 24.592556262

800 728 91.0 839 16.529946167

800 727 90.875 96 16.8739468

800 728 91.0 983 17.276235497

800 731 91.375 70 17.196527277

900 813 90.33333333333333 799 19.021297319

900 812 90.22222222222223 176 18.993747927

800 729 91.125 861 16.983551138

800 726 90.75 83 17.10556408

800 725 90.625 478 17.218327616

800 729 91.125 794 17.003446525

900 817 90.77777777777779 685 19.105239486

900 814 90.44444444444444 568 19.639160326

900 812 90.22222222222223 478 18.781812318

900 826 91.77777777777779 676 18.973131456

600 545 90.83333333333333 313 13.844045706

600 549 91.5 926 14.294144089

600 548 91.33333333333333 962 13.266935511

700 637 91.0 318 15.906717257

700 636 90.85714285714286 64 15.27444382

700 641 91.57142857142857 278 14.909082095

162 131 80.8641975308642 339 2.967970474

384 303 78.90625 920 7.744245081

2058 1587 77.1137026239067 276 39.59617302

