1132 882 77.91519434628975 211 17.019790639

996 783 78.6144578313253 269 15.204493834

92 83 90.21739130434783 375 1.853140097

840 640 76.19047619047619 1 13.211441439

400 310 77.5 1 6.622514143

1000 906 90.60000000000001 50 25.089987214

1000 900 90.0 478 24.008504233

1000 904 90.4 947 24.157723932

900 865 96.11111111111111 739 19.987765107

900 869 96.55555555555554 147 19.841011227

900 864 96.0 147 20.160451166

900 886 98.44444444444444 84 19.802429069

900 889 98.77777777777777 29 19.922340411

900 885 98.33333333333333 794 19.57897373

1260 988 78.41269841269842 532 20.782798299

1260 992 78.73015873015873 93 21.484136802

1260 984 78.0952380952381 446 20.99436014

1258 1000 79.4912559618442 198 20.943896482

1258 992 78.85532591414945 105 20.833106967

1200 967 80.58333333333333 693 23.848695093

1200 979 81.58333333333333 607 23.581685683

1300 1064 81.84615384615384 724 25.255618253

1300 1042 80.15384615384616 406 25.531186218

1200 978 81.5 439 23.956939605

1200 975 81.25 181 23.711004397

800 744 93.0 613 16.699884604

800 745 93.125 731 16.845423475

800 746 93.25 316 16.342437303

800 741 92.625 476 16.325647325

900 830 92.22222222222223 232 18.481229038

900 841 93.44444444444444 306 18.537944391

800 742 92.75 75 16.608936508

800 737 92.125 281 16.416056238

800 737 92.125 847 16.648753019

800 742 92.75 920 16.1219574

900 826 91.77777777777779 555 18.54458944

900 825 91.66666666666666 801 18.666865621

900 837 93.0 649 18.596325599

900 835 92.77777777777779 338 18.57044001

600 565 94.16666666666667 734 13.47022379

600 562 93.66666666666667 500 13.251447624

600 561 93.5 996 12.92589023

700 652 93.14285714285714 225 14.859167864

700 654 93.42857142857143 404 14.797349374

700 646 92.28571428571428 407 15.093041602

162 145 89.50617283950618 256 2.829043442

384 316 82.29166666666666 755 7.139866351

2058 1593 77.40524781341108 956 39.9699144

