1132 891 78.71024734982332 73 18.626159749

996 796 79.91967871485943 888 15.931230055

92 88 95.65217391304348 729 2.112226725

840 640 76.19047619047619 1 12.97046032

400 310 77.5 1 6.781211637

1000 918 91.8 554 24.045849496

1000 918 91.8 620 23.800505302

1000 926 92.60000000000001 533 25.092419428

900 880 97.77777777777777 630 20.123899974

900 876 97.33333333333334 841 20.002218248

900 887 98.55555555555556 889 20.017818718

900 897 99.66666666666667 571 20.770021018

900 899 99.8888888888889 679 20.461233669

900 897 99.66666666666667 992 20.336666894

1260 1046 83.01587301587303 618 21.881382153

1260 1040 82.53968253968253 648 22.217261779

1260 1058 83.96825396825398 856 21.448024549

1258 1053 83.70429252782195 147 23.116780682

1258 1046 83.14785373608903 806 21.565914374

1200 1014 84.5 971 23.189165327

1200 1017 84.75 478 23.155950946

1300 1092 84.0 536 25.355542439

1300 1089 83.76923076923077 691 25.207980968

1200 1025 85.41666666666666 834 23.504980945

1200 1013 84.41666666666666 531 24.089768872

800 763 95.375 818 16.502123198

800 761 95.125 230 16.297757231

800 758 94.75 145 16.08773752

800 761 95.125 349 16.063211796

900 850 94.44444444444444 724 19.351326459

900 852 94.66666666666667 463 18.547035425

800 762 95.25 450 17.54948159

800 763 95.375 261 16.691375677

800 761 95.125 183 17.792890397

800 762 95.25 602 16.234439978

900 856 95.11111111111111 917 18.479125023

900 850 94.44444444444444 325 19.151137959

900 856 95.11111111111111 726 18.198566057

900 858 95.33333333333334 962 18.090980993

600 580 96.66666666666667 880 13.025548047

600 579 96.5 733 14.113898187

600 578 96.33333333333334 362 13.273999992

700 676 96.57142857142857 886 14.522523263

700 676 96.57142857142857 992 14.838852926

700 668 95.42857142857143 620 14.399425288

162 145 89.50617283950618 131 2.862944295

384 340 88.54166666666666 891 7.268866474

2058 1643 79.83479105928085 821 40.320297309

