1132 889 78.53356890459364 433 18.239293563

996 791 79.41767068273093 212 16.105653441

92 84 91.30434782608695 967 1.83867693

840 640 76.19047619047619 1 13.227053702

400 310 77.5 1 7.066794519

1000 901 90.10000000000001 171 25.310659704

1000 907 90.7 416 23.695605763

1000 896 89.60000000000001 412 24.47216922

900 867 96.33333333333334 996 21.167642136

900 867 96.33333333333334 841 19.878563755

900 866 96.22222222222221 486 20.174464433

900 888 98.66666666666667 497 19.650203014

900 888 98.66666666666667 782 19.738881648

900 887 98.55555555555556 784 20.433616371

1260 1005 79.76190476190477 195 22.150904542

1260 994 78.88888888888889 783 21.077055447

1260 1000 79.36507936507937 531 22.434656232

1258 1012 80.44515103338632 697 21.733704748

1258 990 78.69634340222575 756 21.187365798

1200 984 82.0 273 23.550012044

1200 985 82.08333333333333 587 23.330853286

1300 1064 81.84615384615384 117 25.435335573

1300 1062 81.6923076923077 173 25.723217471

1200 997 83.08333333333333 543 24.043391034

1200 988 82.33333333333334 89 23.836947848

800 747 93.375 151 16.0377686

800 750 93.75 166 16.735106093

800 743 92.875 346 16.901847132

800 745 93.125 46 16.768919663

900 832 92.44444444444444 489 18.891275627

900 838 93.11111111111111 362 19.317415224

800 748 93.5 475 17.454301519

800 749 93.625 515 16.355391089

800 740 92.5 446 16.64424273

800 743 92.875 594 16.504187483

900 833 92.55555555555556 542 19.296022683

900 836 92.88888888888889 322 19.833656379

900 839 93.22222222222221 172 18.330998946

900 850 94.44444444444444 474 18.751584854

600 564 94.0 644 13.321852323

600 555 92.5 429 13.343793272

600 564 94.0 542 12.910286783

700 664 94.85714285714286 943 14.684804323

700 660 94.28571428571428 976 14.80884849

700 651 93.0 946 14.37657697

162 143 88.27160493827161 22 3.120086138

384 324 84.375 483 7.913918776

2058 1607 78.08551992225462 57 39.305984166

