1132 889 78.53356890459364 209 17.73798206

996 794 79.71887550200803 313 15.537227613

92 86 93.47826086956522 801 1.921406559

840 640 76.19047619047619 1 13.260149481

400 310 77.5 1 6.863941863

1000 909 90.9 489 24.317740992

1000 906 90.60000000000001 269 23.86905148

1000 901 90.10000000000001 352 23.977523009

900 867 96.33333333333334 642 20.501857804

900 870 96.66666666666667 255 20.210526601

900 864 96.0 309 20.193615645

900 893 99.22222222222223 152 19.769737667

900 890 98.88888888888889 601 19.965257772

900 890 98.88888888888889 681 20.491309271

1260 1007 79.92063492063492 417 22.175409377

1260 1013 80.3968253968254 520 22.74155648

1260 1012 80.31746031746032 907 22.473033092

1258 999 79.41176470588235 725 22.851409259

1258 1012 80.44515103338632 506 21.123592943

1200 988 82.33333333333334 314 23.182779213

1200 997 83.08333333333333 487 23.377981663

1300 1069 82.23076923076923 419 25.761988642

1300 1058 81.38461538461539 480 25.600252371

1200 1003 83.58333333333333 325 24.638808102

1200 990 82.5 352 24.797680844

800 749 93.625 702 17.368771386

800 751 93.875 577 17.51463062

800 744 93.0 489 16.674207896

800 752 94.0 285 17.390868769

900 843 93.66666666666667 280 19.104830138

900 848 94.22222222222221 197 19.42817441

800 748 93.5 96 17.023046932

800 751 93.875 233 16.424374888

800 746 93.25 418 17.085411101

800 747 93.375 223 16.846307971

900 841 93.44444444444444 513 18.726269747

900 843 93.66666666666667 876 19.074614837

900 838 93.11111111111111 674 18.506740378

900 847 94.11111111111111 203 18.310240496

600 568 94.66666666666667 829 13.353323969

600 566 94.33333333333334 370 13.875961882

600 564 94.0 952 12.938629888

700 660 94.28571428571428 279 15.216908337

700 659 94.14285714285714 719 15.034848173

700 655 93.57142857142857 440 14.396736056

162 145 89.50617283950618 81 2.889791131

384 332 86.45833333333334 921 7.438438302

2058 1609 78.1827016520894 555 40.116353632

