1132 880 77.73851590106007 155 17.128160918

996 784 78.714859437751 82 15.216810202

92 83 90.21739130434783 196 2.144296931

840 640 76.19047619047619 1 13.775714159

400 310 77.5 1 6.574971834

1000 896 89.60000000000001 198 25.070189042

1000 905 90.5 850 25.345883369

1000 898 89.8 717 24.905725197

900 864 96.0 503 20.775273052

900 860 95.55555555555556 701 20.9882496

900 866 96.22222222222221 417 20.023407125

900 888 98.66666666666667 51 19.722891121

900 886 98.44444444444444 287 20.060442808

900 887 98.55555555555556 210 20.118265404

1260 991 78.65079365079364 972 21.694783696

1260 989 78.4920634920635 180 22.287574266

1260 997 79.12698412698413 318 21.87511226

1258 988 78.53736089030207 292 22.479016986

1258 981 77.98092209856917 707 22.394324051

1200 976 81.33333333333333 735 24.705551812

1200 984 82.0 512 25.057622726

1300 1050 80.76923076923077 87 26.887682898

1300 1046 80.46153846153847 212 26.689579106

1200 987 82.25 197 25.189374832

1200 970 80.83333333333333 68 24.373181755

800 739 92.375 183 17.5989438

800 737 92.125 71 17.50303061

800 738 92.25 278 16.430257242

800 739 92.375 431 16.813906449

900 820 91.11111111111111 279 19.545077197

900 829 92.11111111111111 504 19.269755965

800 745 93.125 812 16.88319018

800 741 92.625 187 17.001359103

800 733 91.625 375 16.909060157

800 738 92.25 576 16.351657477

900 837 93.0 614 18.899799078

900 831 92.33333333333333 243 18.967877561

900 835 92.77777777777779 209 18.954985605

900 826 91.77777777777779 946 18.441630777

600 556 92.66666666666666 725 13.946995605

600 552 92.0 319 13.557267263

600 558 93.0 934 13.176250751

700 650 92.85714285714286 484 15.091459179

700 650 92.85714285714286 418 14.876818729

700 656 93.71428571428572 543 14.979218106

162 145 89.50617283950618 91 3.066517385

384 308 80.20833333333334 796 7.709450313

2058 1603 77.89115646258503 363 41.116848308

