1132 884 78.09187279151944 491 18.098196495

996 778 78.1124497991968 918 15.680038373

92 82 89.13043478260869 231 1.829561895

840 640 76.19047619047619 1 12.830788842

400 310 77.5 2 6.591586075

1000 899 89.9 189 23.587648073

1000 908 90.8 635 25.839000209

1000 897 89.7 266 26.903799869

900 865 96.11111111111111 194 21.108076416

900 864 96.0 424 20.817223584

900 863 95.88888888888889 991 21.951920228

900 886 98.44444444444444 921 19.866188203

900 884 98.22222222222223 699 20.246021114

900 887 98.55555555555556 889 20.825630802

1260 985 78.17460317460318 98 22.367508046

1260 980 77.77777777777779 694 22.932329206

1260 981 77.85714285714286 634 22.565866986

1258 989 78.61685214626391 661 22.345443693

1258 980 77.90143084260731 885 20.985838946

1200 965 80.41666666666667 652 24.081047963

1200 975 81.25 551 24.125290955

1300 1042 80.15384615384616 780 26.328339897

1300 1050 80.76923076923077 803 26.893980288

1200 980 81.66666666666667 685 24.733583195

1200 975 81.25 849 24.914332125

800 733 91.625 193 17.317248067

800 737 92.125 110 16.925086102

800 736 92.0 263 17.893846103

800 741 92.625 469 16.765337484

900 826 91.77777777777779 240 18.590603254

900 829 92.11111111111111 770 18.950406904

800 746 93.25 167 17.024403517

800 737 92.125 39 16.413132141

800 740 92.5 738 16.83577341

800 747 93.375 989 16.800856354

900 825 91.66666666666666 247 18.817355851

900 830 92.22222222222223 62 18.846506117

900 827 91.88888888888889 355 18.800207371

900 834 92.66666666666666 858 19.080366631

600 556 92.66666666666666 405 13.453457843

600 554 92.33333333333333 178 13.494588618

600 556 92.66666666666666 276 12.776182468

700 651 93.0 246 14.827922853

700 651 93.0 995 14.823803986

700 646 92.28571428571428 626 15.026085805

162 143 88.27160493827161 35 2.856494471

384 322 83.85416666666666 700 7.965377748

2058 1586 77.06511175898932 889 40.919870114

