1132 886 78.26855123674912 793 17.764641083

996 791 79.41767068273093 912 15.951274494

92 82 89.13043478260869 73 1.939808075

840 640 76.19047619047619 1 13.509254413

400 310 77.5 1 6.5595505

1000 900 90.0 419 24.410646885

1000 903 90.3 409 24.966201916

1000 906 90.60000000000001 477 24.731412492

900 863 95.88888888888889 516 20.130343815

900 862 95.77777777777777 75 20.092504014

900 866 96.22222222222221 973 20.529392801

900 889 98.77777777777777 264 19.977380361

900 889 98.77777777777777 450 20.047420196

900 892 99.11111111111111 743 19.882194454

1260 997 79.12698412698413 171 21.324301478

1260 998 79.2063492063492 889 21.385243044

1260 989 78.4920634920635 398 21.812317202

1258 1001 79.57074721780603 828 21.172432973

1258 996 79.17329093799682 31 21.38123141

1200 975 81.25 205 23.727411542

1200 994 82.83333333333334 790 23.346790795

1300 1055 81.15384615384616 87 26.355035846

1300 1052 80.92307692307692 653 26.543219365

1200 993 82.75 740 24.540188305

1200 982 81.83333333333334 216 24.405224421

800 744 93.0 318 16.595712127

800 743 92.875 721 16.693940834

800 745 93.125 416 17.47239796

800 744 93.0 462 16.889345019

900 835 92.77777777777779 489 18.391810122

900 839 93.22222222222221 588 19.308868952

800 742 92.75 245 16.548653375

800 743 92.875 682 16.628477377

800 746 93.25 212 16.91327836

800 742 92.75 109 16.470158019

900 841 93.44444444444444 94 19.00904352

900 831 92.33333333333333 433 18.930394458

900 832 92.44444444444444 394 18.691243789

900 845 93.88888888888889 606 18.894427705

600 561 93.5 860 13.846899606

600 564 94.0 642 13.90491405

600 560 93.33333333333333 621 13.245587024

700 659 94.14285714285714 83 15.530384308

700 653 93.28571428571428 324 14.854227695

700 649 92.71428571428572 916 14.545827416

162 145 89.50617283950618 47 2.929405913

384 324 84.375 781 7.411739198

2058 1599 77.69679300291546 656 42.572789919

