1132 868 76.67844522968198 539 18.667319273

996 772 77.51004016064257 528 16.387177316

92 78 84.78260869565217 984 2.045840169

840 640 76.19047619047619 1 13.083702825

400 310 77.5 1 6.870211558

1000 899 89.9 468 24.733091404

1000 896 89.60000000000001 940 25.030441693

1000 892 89.2 339 25.306020471

900 858 95.33333333333334 378 20.618986662

900 858 95.33333333333334 286 20.083185279

900 860 95.55555555555556 319 20.334510148

900 884 98.22222222222223 960 19.895419276

900 884 98.22222222222223 113 19.956255683

900 886 98.44444444444444 296 19.944566683

1260 973 77.22222222222223 986 21.658497429

1260 974 77.3015873015873 154 21.526856852

1260 985 78.17460317460318 704 21.871499293

1258 973 77.34499205087441 504 21.344325915

1258 977 77.66295707472179 625 22.33754154

1200 953 79.41666666666667 357 24.347863239

1200 954 79.5 419 24.103724253

1300 1019 78.38461538461539 652 26.344876351

1300 1025 78.84615384615384 837 26.225947232

1200 946 78.83333333333333 242 24.326250131

1200 949 79.08333333333334 477 24.545383826

800 725 90.625 752 16.915303207

800 732 91.5 498 16.971892009

800 730 91.25 632 16.896090036

800 728 91.0 569 16.6420767

900 815 90.55555555555556 273 19.429324591

900 825 91.66666666666666 188 19.26677362

800 727 90.875 131 17.15890393

800 728 91.0 945 17.140060803

800 726 90.75 161 17.015439334

800 731 91.375 904 16.772837127

900 823 91.44444444444444 567 19.412320237

900 819 91.0 249 19.296929948

900 817 90.77777777777779 592 19.841833687

900 830 92.22222222222223 49 19.102697982

600 551 91.83333333333333 518 13.99585889

600 544 90.66666666666666 904 14.047482098

600 550 91.66666666666666 67 14.0354411

700 638 91.14285714285715 15 15.374448611

700 646 92.28571428571428 284 15.515773953

700 637 91.0 7 15.127004159

162 133 82.09876543209876 258 2.997760302

384 308 80.20833333333334 27 7.355997461

2058 1584 76.96793002915452 134 40.322713103

