1132 870 76.85512367491167 719 17.022171693

996 771 77.40963855421687 808 16.134135325

92 79 85.86956521739131 138 2.085994302

840 640 76.19047619047619 1 13.211148527

400 310 77.5 1 7.117842992

1000 894 89.4 240 23.389209289

1000 897 89.7 154 23.363484512

1000 899 89.9 948 24.080289425

900 862 95.77777777777777 180 19.995785498

900 862 95.77777777777777 465 20.693054575

900 863 95.88888888888889 631 20.414310698

900 886 98.44444444444444 165 19.757037997

900 887 98.55555555555556 952 19.771426714

900 887 98.55555555555556 320 19.616645926

1260 985 78.17460317460318 537 21.290499662

1260 978 77.61904761904762 599 21.549840978

1260 974 77.3015873015873 950 21.857590515

1258 969 77.02702702702703 305 21.1421246

1258 976 77.58346581875993 293 21.620140078

1200 953 79.41666666666667 189 23.455527404

1200 949 79.08333333333334 452 23.694197521

1300 1039 79.92307692307692 844 26.428403283

1300 1028 79.07692307692308 219 25.322036072

1200 959 79.91666666666667 345 23.869016437

1200 956 79.66666666666666 285 24.453912487

800 728 91.0 523 16.508757195

800 732 91.5 230 16.785291454

800 729 91.125 833 16.585038627

800 734 91.75 158 16.817078671

900 822 91.33333333333333 713 18.791540799

900 825 91.66666666666666 374 18.705989435

800 731 91.375 305 16.759676343

800 733 91.625 349 16.56938185

800 729 91.125 817 16.751703619

800 728 91.0 138 16.883911511

900 832 92.44444444444444 414 19.053109411

900 821 91.22222222222223 990 19.189542572

900 819 91.0 453 19.147892849

900 835 92.77777777777779 200 18.707989788

600 552 92.0 50 13.765843136

600 552 92.0 363 13.853912065

600 551 91.83333333333333 640 13.04436151

700 646 92.28571428571428 661 14.85912878

700 640 91.42857142857143 63 15.18815315

700 645 92.14285714285714 701 14.484903957

162 137 84.5679012345679 34 2.895204197

384 304 79.16666666666666 784 7.227767333

2058 1615 78.47424684159378 341 42.125323294

