1132 879 77.65017667844522 398 18.644078678

996 774 77.71084337349397 563 15.443467229

92 79 85.86956521739131 420 1.918347348

840 640 76.19047619047619 1 12.826159544

400 310 77.5 1 6.645091216

1000 906 90.60000000000001 575 23.908373768

1000 903 90.3 462 25.92339667

1000 903 90.3 960 26.647171134

900 859 95.44444444444444 774 20.511733706

900 862 95.77777777777777 168 20.919543076

900 862 95.77777777777777 804 19.991913357

900 889 98.77777777777777 146 20.59922542

900 885 98.33333333333333 434 20.778346571

900 884 98.22222222222223 212 20.653121093

1260 984 78.0952380952381 755 21.797338406

1260 981 77.85714285714286 568 22.940331178

1260 983 78.01587301587301 311 21.908945399

1258 990 78.69634340222575 600 22.175728386

1258 981 77.98092209856917 82 22.927825583

1200 963 80.25 412 24.232021508

1200 973 81.08333333333333 669 23.999307496

1300 1035 79.61538461538461 38 25.434328393

1300 1040 80.0 791 26.608192049

1200 976 81.33333333333333 693 24.933400612

1200 959 79.91666666666667 523 24.225525882

800 736 92.0 980 17.987286435

800 736 92.0 752 16.988738139

800 739 92.375 851 16.679899863

800 731 91.375 936 16.354605674

900 826 91.77777777777779 275 18.634357513

900 824 91.55555555555556 680 19.123926832

800 746 93.25 723 16.843982248

800 733 91.625 979 17.162669068

800 733 91.625 151 16.72966789

800 733 91.625 198 16.609963808

900 827 91.88888888888889 311 18.979501965

900 821 91.22222222222223 117 20.151605999

900 829 92.11111111111111 409 20.177930567

900 832 92.44444444444444 109 19.497048875

600 557 92.83333333333333 143 14.049270494

600 557 92.83333333333333 143 14.248368863

600 558 93.0 917 13.88519746

700 648 92.57142857142857 781 15.14037213

700 648 92.57142857142857 109 15.132245562

700 645 92.14285714285714 347 14.642675031

162 141 87.03703703703704 144 3.196570362

384 318 82.8125 692 7.438179307

2058 1596 77.55102040816327 546 40.725792696

