1132 872 77.03180212014135 564 17.253872324

996 768 77.10843373493977 558 16.689505923

92 77 83.69565217391305 103 1.9373215

840 640 76.19047619047619 1 13.044857562

400 310 77.5 1 7.304643752

1000 894 89.4 493 23.755635205

1000 900 90.0 86 23.599135592

1000 900 90.0 899 24.014942705

900 865 96.11111111111111 537 20.085025168

900 862 95.77777777777777 558 19.991294315

900 866 96.22222222222221 668 21.070301016

900 885 98.33333333333333 45 19.895623885

900 886 98.44444444444444 420 19.78002399

900 884 98.22222222222223 69 19.871245391

1260 976 77.46031746031747 157 21.497401269

1260 984 78.0952380952381 127 21.111423216

1260 972 77.14285714285715 761 21.503462847

1258 983 78.13990461049285 522 21.554168766

1258 969 77.02702702702703 989 21.502945564

1200 954 79.5 78 23.580471772

1200 969 80.75 514 25.135877672

1300 1036 79.6923076923077 112 25.731663049

1300 1028 79.07692307692308 86 26.127751877

1200 964 80.33333333333333 375 26.255747429

1200 959 79.91666666666667 784 25.392340419

800 733 91.625 503 16.658546527

800 728 91.0 652 17.748627407

800 731 91.375 981 17.3645755

800 734 91.75 927 16.925135801

900 821 91.22222222222223 112 18.564252302

900 825 91.66666666666666 967 20.202151207

800 726 90.75 949 16.85100856

800 734 91.75 83 16.510263429

800 725 90.625 463 17.008060053

800 732 91.5 845 17.70800123

900 829 92.11111111111111 487 18.811031949

900 816 90.66666666666666 879 19.151588335

900 816 90.66666666666666 417 19.07849674

900 819 91.0 461 19.205578427

600 548 91.33333333333333 249 13.759125229

600 548 91.33333333333333 406 13.575843331

600 555 92.5 201 13.368586379

700 645 92.14285714285714 893 15.051032745

700 637 91.0 246 15.684995429

700 641 91.57142857142857 514 14.619456391

162 133 82.09876543209876 281 2.832321102

384 310 80.72916666666666 535 7.416795898

2058 1582 76.87074829931973 629 42.347664549

