1132 894 78.97526501766784 82 18.835654394

996 789 79.21686746987952 47 15.368813417

92 84 91.30434782608695 173 2.060061535

840 640 76.19047619047619 1 13.173204533

400 310 77.5 1 6.74506208

1000 949 94.89999999999999 945 24.31182051

1000 944 94.39999999999999 353 24.254013625

1000 953 95.3 922 24.369224287

900 891 99.0 973 19.817214578

900 894 99.33333333333333 659 19.891507243

900 889 98.77777777777777 997 20.16703213

900 899 99.8888888888889 130 19.890679037

900 899 99.8888888888889 503 19.411719506

900 898 99.77777777777777 352 19.671831808

1260 1073 85.15873015873015 802 22.646211951

1260 1069 84.84126984126983 882 22.758608501

1260 1069 84.84126984126983 582 21.248139115

1258 1078 85.69157392686805 918 21.317372391

1258 1068 84.8966613672496 946 22.028655804

1200 1030 85.83333333333333 240 23.247059576

1200 1036 86.33333333333333 531 23.595625616

1300 1112 85.53846153846155 924 25.74068569

1300 1107 85.15384615384616 547 26.247438758

1200 1048 87.33333333333333 693 23.730672305

1200 1030 85.83333333333333 438 23.748936983

800 765 95.625 183 16.190424395

800 762 95.25 794 16.675803454

800 761 95.125 49 16.232862269

800 764 95.5 173 16.499500817

900 848 94.22222222222221 60 18.449899455

900 850 94.44444444444444 293 18.660680457

800 766 95.75 525 16.562038806

800 767 95.875 140 16.501982235

800 762 95.25 558 16.498804456

800 760 95.0 364 16.908200093

900 860 95.55555555555556 171 18.201080673

900 856 95.11111111111111 973 18.62602811

900 859 95.44444444444444 434 18.513592939

900 863 95.88888888888889 106 19.25429032

600 581 96.83333333333334 349 13.210601627

600 582 97.0 145 13.140505975

600 580 96.66666666666667 265 12.707361833

700 680 97.14285714285714 401 14.726628881

700 681 97.28571428571429 789 14.483669787

700 679 97.0 292 14.610728238

162 145 89.50617283950618 27 3.159808023

384 340 88.54166666666666 415 7.460567427

2058 1707 82.94460641399417 776 39.91813248

