1132 875 77.29681978798587 325 17.801514578

996 771 77.40963855421687 313 16.510023869

92 80 86.95652173913044 128 1.863037195

840 640 76.19047619047619 1 12.800201694

400 310 77.5 1 6.724086881

1000 897 89.7 873 24.983940006

1000 898 89.8 378 25.363289255

1000 900 90.0 194 25.433836725

900 864 96.0 46 20.188051121

900 862 95.77777777777777 77 19.815741591

900 865 96.11111111111111 20 20.09475025

900 887 98.55555555555556 9 19.74528916

900 888 98.66666666666667 787 19.903331285

900 887 98.55555555555556 240 19.70415472

1260 972 77.14285714285715 770 22.089901676

1260 982 77.93650793650794 486 21.114689789

1260 986 78.25396825396825 524 21.545584694

1258 979 77.82193958664547 831 21.774123023

1258 978 77.74244833068363 98 21.079472073

1200 966 80.5 595 23.480455728

1200 963 80.25 129 23.679144555

1300 1035 79.61538461538461 926 25.741016625

1300 1034 79.53846153846153 142 26.25202125

1200 973 81.08333333333333 292 25.485894196

1200 967 80.58333333333333 557 25.043811475

800 735 91.875 899 16.847658082

800 736 92.0 676 16.724577038

800 734 91.75 183 16.51549446

800 732 91.5 658 16.502495393

900 823 91.44444444444444 599 18.872839604

900 828 92.0 114 19.056966379

800 732 91.5 181 17.37138411

800 733 91.625 263 16.460926659

800 731 91.375 916 17.504384365

800 731 91.375 837 16.632162833

900 822 91.33333333333333 811 18.923249789

900 826 91.77777777777779 266 18.839828346

900 823 91.44444444444444 728 18.988853966

900 828 92.0 262 18.71165477

600 553 92.16666666666666 164 14.371555097

600 559 93.16666666666666 200 13.738367533

600 548 91.33333333333333 871 13.02457525

700 645 92.14285714285714 673 15.665553201

700 646 92.28571428571428 186 15.507202304

700 643 91.85714285714286 896 14.611550084

162 137 84.5679012345679 312 2.814222063

384 312 81.25 359 7.635388543

2058 1597 77.59961127308065 164 40.129149368

