1132 890 78.62190812720848 798 17.531302103

996 793 79.61847389558233 232 15.456507579

92 88 95.65217391304348 396 1.880063348

840 640 76.19047619047619 1 13.372529002

400 310 77.5 1 6.648587232

1000 928 92.80000000000001 854 24.951140326

1000 936 93.60000000000001 351 23.924394686

1000 935 93.5 810 24.687198375

900 883 98.11111111111111 252 19.725078688

900 890 98.88888888888889 559 19.928820564

900 888 98.66666666666667 608 20.068763333

900 899 99.8888888888889 81 20.087872308

900 899 99.8888888888889 689 19.662421112

900 898 99.77777777777777 71 19.29811438

1260 1053 83.57142857142857 367 21.442147056

1260 1050 83.33333333333334 820 21.313474945

1260 1062 84.28571428571429 451 20.898427373

1258 1060 84.26073131955485 756 21.591519714

1258 1067 84.81717011128775 911 20.930992889

1200 1019 84.91666666666666 378 23.465215765

1200 1028 85.66666666666667 437 23.155196308

1300 1099 84.53846153846155 515 26.103331581

1300 1104 84.92307692307692 872 25.524614087

1200 1028 85.66666666666667 844 23.790435374

1200 1023 85.25 932 25.337906376

800 765 95.625 233 16.912014362

800 762 95.25 260 16.762569557

800 761 95.125 232 16.989287616

800 762 95.25 152 16.294986353

900 848 94.22222222222221 255 17.869451305

900 851 94.55555555555556 910 18.995798277

800 763 95.375 162 17.288071577

800 767 95.875 615 16.374342981

800 761 95.125 597 16.160062225

800 762 95.25 183 16.773752771

900 858 95.33333333333334 543 18.558019506

900 858 95.33333333333334 747 18.564358047

900 858 95.33333333333334 324 18.142050403

900 861 95.66666666666667 466 18.675954589

600 580 96.66666666666667 436 13.348302284

600 581 96.83333333333334 714 13.23717725

600 581 96.83333333333334 223 13.149026394

700 678 96.85714285714285 856 14.627978033

700 677 96.71428571428572 218 14.642572237

700 676 96.57142857142857 544 14.245737855

162 145 89.50617283950618 27 2.877180517

384 344 89.58333333333334 602 7.388374723

2058 1663 80.80660835762876 326 41.935192175

