1132 894 78.97526501766784 348 17.418418439

996 796 79.91967871485943 133 15.438174324

92 86 93.47826086956522 425 1.855107988

840 640 76.19047619047619 1 13.407650502

400 310 77.5 1 6.489690957

1000 913 91.3 900 23.727047934

1000 919 91.9 176 24.639100441

1000 909 90.9 361 23.970008852

900 875 97.22222222222221 962 20.097226713

900 875 97.22222222222221 573 19.776826226

900 873 97.0 370 20.468814212

900 894 99.33333333333333 442 19.445419688

900 898 99.77777777777777 387 19.745850632

900 897 99.66666666666667 649 20.212130736

1260 1031 81.82539682539682 975 21.168724585

1260 1024 81.26984126984127 646 21.963753684

1260 1028 81.58730158730158 575 20.701139193

1258 1014 80.60413354531002 177 23.403663307

1258 1029 81.79650238473768 781 20.813786205

1200 1006 83.83333333333334 716 23.136050316

1200 1009 84.08333333333333 720 23.292507851

1300 1094 84.15384615384616 258 25.123479389

1300 1081 83.15384615384616 159 25.406816898

1200 1010 84.16666666666667 899 23.600974305

1200 1004 83.66666666666667 684 23.599094272

800 760 95.0 539 16.353233036

800 755 94.375 528 16.920144621

800 755 94.375 570 16.561605052

800 756 94.5 244 16.361998204

900 848 94.22222222222221 815 18.270938758

900 852 94.66666666666667 550 18.32471948

800 757 94.625 510 16.311180469

800 759 94.875 338 16.088123291

800 753 94.125 213 16.977626644

800 754 94.25 297 16.207996313

900 848 94.22222222222221 968 18.506080089

900 847 94.11111111111111 486 18.360414125

900 852 94.66666666666667 648 18.22147802

900 853 94.77777777777779 620 18.105810961

600 574 95.66666666666667 546 13.309291628

600 576 96.0 437 13.029114155

600 572 95.33333333333334 619 12.850303655

700 664 94.85714285714286 246 14.517888217

700 668 95.42857142857143 574 14.596351266

700 668 95.42857142857143 628 14.215246447

162 145 89.50617283950618 141 2.740019855

384 332 86.45833333333334 248 7.109251929

2058 1621 78.76579203109816 934 40.101183595

