1132 889 78.53356890459364 433 17.555856847

996 795 79.81927710843374 144 15.769914154

92 88 95.65217391304348 184 1.969077709

840 640 76.19047619047619 1 13.901042614

400 310 77.5 1 6.781000439

1000 911 91.10000000000001 215 24.564317962

1000 917 91.7 744 24.202565084

1000 917 91.7 240 24.867208725

900 875 97.22222222222221 974 20.089563727

900 877 97.44444444444444 271 20.111740911

900 877 97.44444444444444 535 20.754172793

900 893 99.22222222222223 251 19.706355785

900 895 99.44444444444444 218 20.486778717

900 894 99.33333333333333 610 20.130134991

1260 1023 81.19047619047619 938 21.896237158

1260 1018 80.7936507936508 596 21.370985178

1260 1021 81.03174603174604 537 21.399530139

1258 1014 80.60413354531002 469 21.893284385

1258 1026 81.55802861685216 277 22.176899308

1200 990 82.5 241 23.647402904

1200 1003 83.58333333333333 290 23.699442206

1300 1085 83.46153846153847 102 25.825050952

1300 1071 82.38461538461539 512 25.895103316

1200 1008 84.0 940 24.08631159

1200 998 83.16666666666667 578 24.204396136

800 754 94.25 906 17.249634207

800 755 94.375 963 16.858476482

800 751 93.875 568 16.648902907

800 753 94.125 458 16.421762727

900 846 94.0 463 18.915422385

900 850 94.44444444444444 909 18.63851499

800 752 94.0 831 16.56234165

800 758 94.75 632 16.280462222

800 751 93.875 389 16.556499735

800 752 94.0 142 16.53232391

900 846 94.0 517 18.634325692

900 851 94.55555555555556 708 19.613923273

900 845 93.88888888888889 308 18.550034043

900 852 94.66666666666667 497 18.517985153

600 567 94.5 653 13.621950126

600 572 95.33333333333334 132 13.905190075

600 565 94.16666666666667 662 12.821272057

700 669 95.57142857142857 65 14.721699161

700 670 95.71428571428572 395 14.94458766

700 660 94.28571428571428 501 14.760682597

162 145 89.50617283950618 44 3.008186208

384 336 87.5 790 7.572435772

2058 1621 78.76579203109816 707 39.818668547

