1132 875 77.29681978798587 936 17.573755036

996 765 76.80722891566265 194 15.674755444

92 80 86.95652173913044 284 1.945512684

840 640 76.19047619047619 1 13.313572447

400 310 77.5 1 6.857365538

1000 895 89.5 828 24.698680768

1000 895 89.5 56 24.361234334

1000 897 89.7 758 24.478183382

900 861 95.66666666666667 360 20.394577766

900 862 95.77777777777777 951 20.488538082

900 861 95.66666666666667 841 20.215450512

900 884 98.22222222222223 185 20.214192379

900 885 98.33333333333333 66 20.040898943

900 887 98.55555555555556 82 20.035383395

1260 978 77.61904761904762 11 21.397200386

1260 983 78.01587301587301 598 21.877960434

1260 982 77.93650793650794 65 21.732959052

1258 987 78.45786963434023 208 21.328996784

1258 973 77.34499205087441 587 21.845513999

1200 947 78.91666666666667 253 23.740030694

1200 954 79.5 179 24.065364496

1300 1024 78.76923076923077 641 25.767701353

1300 1030 79.23076923076923 885 26.065606467

1200 941 78.41666666666667 555 24.351212749

1200 945 78.75 351 25.089890026

800 727 90.875 164 16.834950552

800 722 90.25 786 17.508654609

800 725 90.625 395 17.075603852

800 731 91.375 788 17.22874493

900 816 90.66666666666666 759 18.772190669

900 816 90.66666666666666 25 19.014722424

800 724 90.5 148 17.722430266

800 735 91.875 252 17.237771936

800 729 91.125 225 17.120364068

800 727 90.875 549 16.963836125

900 816 90.66666666666666 246 19.026362425

900 819 91.0 148 19.555305495

900 826 91.77777777777779 21 19.423262912

900 819 91.0 154 19.440982816

600 549 91.5 750 14.214987813

600 546 91.0 487 13.881732127

600 548 91.33333333333333 254 13.197821872

700 640 91.42857142857143 385 15.652522294

700 635 90.71428571428571 830 15.210633664

700 637 91.0 970 14.848431553

162 135 83.33333333333334 567 3.082098283

384 308 80.20833333333334 16 7.27920732

2058 1593 77.40524781341108 281 39.922322324

