1132 894 78.97526501766784 126 17.40024448

996 796 79.91967871485943 147 15.474944791

92 88 95.65217391304348 80 1.985773733

840 640 76.19047619047619 1 13.660359158

400 310 77.5 1 6.966453734

1000 914 91.4 605 25.459403584

1000 907 90.7 239 26.017260443

1000 905 90.5 100 24.330285194

900 881 97.88888888888889 528 20.172909445

900 873 97.0 483 20.256695464

900 872 96.88888888888889 203 20.51388549

900 897 99.66666666666667 508 20.191320865

900 896 99.55555555555556 558 19.861126107

900 896 99.55555555555556 327 20.276728938

1260 1035 82.14285714285714 605 21.933840292

1260 1017 80.71428571428572 198 21.437266443

1260 1025 81.34920634920636 209 22.345751154

1258 1028 81.71701112877582 786 21.890510995

1258 1033 82.11446740858506 963 21.417955275

1200 1005 83.75 331 24.365104002

1200 1015 84.58333333333333 942 23.253255186

1300 1092 84.0 156 25.790125205

1300 1075 82.6923076923077 315 26.150473218

1200 1007 83.91666666666666 761 24.430906508

1200 994 82.83333333333334 458 24.047885288

800 760 95.0 724 16.332721889

800 758 94.75 346 17.07254533

800 754 94.25 503 17.351027291

800 759 94.875 680 16.762677113

900 844 93.77777777777779 442 19.235494857

900 854 94.88888888888889 742 18.579335732

800 757 94.625 198 18.059173668

800 760 95.0 215 16.585352586

800 752 94.0 393 16.702466607

800 757 94.625 446 16.29212083

900 843 93.66666666666667 231 18.946036518

900 845 93.88888888888889 272 18.619522509

900 850 94.44444444444444 138 18.489476726

900 853 94.77777777777779 518 18.366989228

600 574 95.66666666666667 757 14.002222798

600 572 95.33333333333334 107 13.594219015

600 573 95.5 671 13.063870118

700 667 95.28571428571428 589 15.804470519

700 668 95.42857142857143 327 14.786245935

700 664 94.85714285714286 628 14.844341734

162 145 89.50617283950618 21 2.88144882

384 342 89.0625 533 7.528231668

2058 1619 78.66861030126337 187 40.583299655

